0.000000000000000000e+00 9.258109061648153077e-07 1.187718773773857493e-08
4.134137300000000437e+01 9.026373925763968718e-07 1.184873580903242111e-08
8.268274600000000873e+01 8.450168813884156341e-07 1.183684822774526064e-08
1.240241190000000131e+02 7.803376529460359225e-07 1.183896049425785114e-08
1.653654920000000175e+02 7.392692763976572948e-07 1.185425594427362168e-08
2.067068650000000218e+02 7.410552157498951558e-07 1.188257569076047032e-08
2.480482380000000262e+02 7.843258621346285356e-07 1.191170479777911891e-08
2.893896110000000590e+02 8.477942328542407699e-07 1.192137728309127768e-08
3.307309840000000349e+02 9.004828464006714934e-07 1.190407512916266050e-08
3.720723570000000109e+02 9.165914322178216002e-07 1.187367037710653756e-08
4.134137300000000437e+02 8.878707574605399813e-07 1.184985858489964403e-08
4.547551030000000765e+02 8.275382738956561781e-07 1.184057748500877177e-08
4.960964760000000524e+02 7.638607888603264530e-07 1.184417017502357228e-08
5.374378490000000284e+02 7.265424397696734806e-07 1.185987846298717249e-08
5.787792220000001180e+02 7.324997332838665343e-07 1.188540281467553360e-08
6.201205950000000939e+02 7.778281621838250760e-07 1.190863900972629242e-08
6.614619680000000699e+02 8.397532996447977843e-07 1.191371409137848163e-08
7.028033410000000458e+02 8.875979429581201862e-07 1.189704439754259183e-08
7.441447140000000218e+02 8.975057794081324319e-07 1.187132124877752621e-08
7.854860870000001114e+02 8.638511962026578144e-07 1.185206216952926275e-08
8.268274600000000873e+02 8.018484978070513486e-07 1.184529497028422563e-08
8.681688330000000633e+02 7.401407620853275252e-07 1.185008911658275826e-08
9.095102060000001529e+02 7.070028833183277338e-07 1.186528823486751397e-08
9.508515790000001289e+02 7.168271727367216817e-07 1.188699569440448326e-08
9.921929520000001048e+02 7.633397779142526778e-07 1.190431522114574224e-08
1.033534325000000081e+03 8.227254470434253249e-07 1.190584733974984356e-08
1.074875698000000057e+03 8.651149731580878827e-07 1.189088653411342539e-08
1.116217071000000033e+03 8.689138783322712277e-07 1.187018736083102096e-08
1.157558444000000236e+03 8.310906313062476989e-07 1.185539459952699761e-08
1.198899817000000212e+03 7.684944904207297914e-07 1.185102947589809026e-08
1.240241190000000188e+03 7.096306193610862852e-07 1.185655474107724847e-08
1.281582563000000164e+03 6.809325190170467786e-07 1.187019902920472027e-08
1.322923936000000140e+03 6.941605872641894987e-07 1.188726785546554231e-08
1.364265309000000116e+03 7.409204997348880120e-07 1.189897254535406057e-08
1.405606682000000092e+03 7.968389710975540087e-07 1.189810154556035308e-08
1.446948055000000068e+03 8.333335984249357174e-07 1.188575975983972040e-08
1.488289428000000044e+03 8.313097496675357470e-07 1.187030558767545676e-08
1.529630801000000247e+03 7.902091756376380431e-07 1.185990570474067768e-08
1.570972174000000223e+03 7.280968740075887313e-07 1.185775917105608054e-08
1.612313547000000199e+03 6.728307994837003452e-07 1.186333837862517032e-08
1.653654920000000175e+03 6.486552541332221117e-07 1.187434124670359070e-08
1.694996293000000151e+03 6.646828829068951138e-07 1.188621771284024981e-08
1.736337666000000127e+03 7.107219997752381164e-07 1.189289658219260084e-08
1.777679039000000103e+03 7.623441826782057933e-07 1.189076569172577205e-08
1.819020412000000306e+03 7.926885584776520928e-07 1.188177674142063415e-08
1.860361785000000282e+03 7.853117370450710832e-07 1.187170933627338559e-08
1.901703158000000258e+03 7.419217631564347084e-07 1.186563412841511088e-08
1.943044531000000234e+03 6.813371834977875356e-07 1.186539605054960235e-08
1.984385904000000210e+03 6.302807919200405306e-07 1.187015981852919419e-08
2.025727277000000186e+03 6.105346670798130464e-07 1.187748359373923179e-08
2.067068650000000162e+03 6.286390800397623678e-07 1.188392522644974865e-08
2.108410023000000365e+03 6.729909448485267192e-07 1.188639237520757960e-08
2.149751396000000113e+03 7.196131507312495930e-07 1.188407716808001390e-08
2.191092769000000317e+03 7.437434406842033563e-07 1.187900809335656769e-08
2.232434142000000065e+03 7.316506156115144017e-07 1.187442646741998903e-08
2.273775515000000269e+03 6.870236546920244228e-07 1.187258544630592144e-08
2.315116888000000472e+03 6.289450567298216822e-07 1.187377450826170317e-08
2.356458261000000221e+03 5.825513970669231439e-07 1.187670374000022857e-08
2.397799634000000424e+03 5.669721664630719292e-07 1.187945506407655798e-08
2.439141007000000172e+03 5.863382522504681256e-07 1.188054676415404719e-08
2.480482380000000376e+03 6.280706739842095009e-07 1.187976405537726250e-08
2.521823753000000124e+03 6.691371711327761499e-07 1.187822044820169993e-08
2.563165126000000328e+03 6.871820088981991582e-07 1.187749803335795344e-08
2.604506499000000076e+03 6.711558381747900390e-07 1.187848228299977125e-08
2.645847872000000280e+03 6.263751380289352476e-07 1.188071855731077554e-08
2.687189245000000483e+03 5.716856311855483238e-07 1.188265408210872873e-08
2.728530618000000231e+03 5.302376721156979121e-07 1.188264730185925353e-08
2.769871991000000435e+03 5.184055478918081556e-07 1.188015959209053613e-08
2.811213364000000183e+03 5.381549481871839453e-07 1.187629727123386485e-08
2.852554737000000387e+03 5.764013036411823035e-07 1.187329368720057033e-08
2.893896110000000135e+03 6.115219540712805821e-07 1.187332739161063991e-08
2.935237483000000339e+03 6.237972775075879177e-07 1.187727494174285007e-08
2.976578856000000087e+03 6.047402897517500425e-07 1.188389052000753255e-08
3.017920229000000290e+03 5.608858432862865451e-07 1.188992908978753369e-08
3.059261602000000494e+03 5.103474642392802691e-07 1.189172711449495114e-08
3.100602975000000242e+03 4.739526642602546394e-07 1.188768451748767579e-08
3.141944348000000446e+03 4.653078440294908714e-07 1.187958230630279568e-08
3.183285721000000194e+03 4.845299079284490578e-07 1.187142856670671177e-08
3.224627094000000398e+03 5.185180876863792349e-07 1.186722068030394009e-08
3.265968467000000146e+03 5.474805427768299933e-07 1.186947895345974239e-08
3.307309840000000349e+03 5.544785400091733904e-07 1.187835420424995072e-08
3.348651213000000553e+03 5.333838625318121333e-07 1.189063692505414316e-08
3.389992586000000301e+03 4.914989731507026799e-07 1.190003734826583588e-08
3.431333959000000505e+03 4.457311511002908198e-07 1.190063670525071438e-08
3.472675332000000253e+03 4.143219350181187213e-07 1.189155876353099301e-08
3.514016705000000456e+03 4.081863247980911822e-07 1.187779458388875796e-08
3.555358078000000205e+03 4.259698767146535781e-07 1.186621265510011372e-08
3.596699451000000408e+03 4.550479510553769697e-07 1.186173564739179353e-08
3.638040824000000612e+03 4.778240471062541318e-07 1.186672081972513417e-08
3.679382197000000360e+03 4.801966288268860790e-07 1.188074472807884805e-08
3.720723570000000564e+03 4.581162440204452669e-07 1.189866890453158313e-08
3.762064943000000312e+03 4.191758090147129254e-07 1.191078777666724507e-08
3.803406316000000515e+03 3.786388375442182162e-07 1.190900223807988320e-08
3.844747689000000264e+03 3.519788596309701911e-07 1.189407993536810009e-08
3.886089062000000467e+03 3.475814901793054910e-07 1.187494119634709092e-08
3.927430435000000216e+03 3.630463532611348220e-07 1.186091611485785706e-08
3.968771808000000419e+03 3.867041443508055633e-07 1.185697882818104399e-08
4.010113181000000623e+03 4.034503504484956625e-07 1.186507517025003222e-08
4.051454554000000371e+03 4.019877361508788104e-07 1.188444832090235252e-08
4.092795927000000574e+03 3.799993099659369933e-07 1.190788011282930626e-08
4.134137300000000323e+03 3.448808035639558628e-07 1.192185050522315701e-08
4.175478673000000526e+03 3.098647774233176995e-07 1.191644345631136710e-08
4.216820046000000730e+03 2.875606816335944593e-07 1.189513973559004788e-08
4.258161419000000024e+03 2.840659260651393419e-07 1.187122497070127575e-08
4.299502792000000227e+03 2.963931503803028253e-07 1.185577756626780524e-08
4.340844165000000430e+03 3.142790338302654721e-07 1.185303479412219999e-08
4.382185538000000633e+03 3.253309818341607734e-07 1.186454492803983413e-08
4.423526911000000837e+03 3.209361277684166895e-07 1.188944642853882282e-08
4.464868284000000131e+03 3.001094815892751324e-07 1.191809534186195331e-08
4.506209657000000334e+03 2.695675321145476985e-07 1.193283406515506312e-08
4.547551030000000537e+03 2.401870063257026712e-07 1.192261408546397796e-08
4.588892403000000741e+03 2.217052010265947437e-07 1.189472259287183151e-08
4.630233776000000944e+03 2.182428122167888818e-07 1.186688689310914213e-08
4.671575149000000238e+03 2.267026260908066254e-07 1.185099588915276544e-08
4.712916522000000441e+03 2.386350556574707126e-07 1.184994645837117917e-08
4.754257895000000644e+03 2.444963837137408325e-07 1.186512724788612744e-08
4.795599268000000848e+03 2.381561239615428828e-07 1.189569346139949034e-08
4.836940641000000142e+03 2.195204311348041005e-07 1.192906557933018740e-08
4.878282014000000345e+03 1.941657427768736154e-07 1.194331056145345746e-08
4.919623387000000548e+03 1.703601967559766087e-07 1.192722911579109637e-08
4.960964760000000751e+03 1.550480141128165011e-07 1.189290442131432877e-08
5.002306133000000955e+03 1.507439706355128459e-07 1.186218873767107188e-08
5.043647506000000249e+03 1.547205526750896156e-07 1.184672455105845454e-08
5.084988879000000452e+03 1.606939714744011278e-07 1.184772850315656995e-08
5.126330252000000655e+03 1.620198920810409323e-07 1.186681730678965495e-08
5.167671625000000859e+03 1.547737412190813597e-07 1.190310791987976444e-08
5.209012998000000152e+03 1.392864653032483433e-07 1.194047223924812661e-08
5.250354371000000356e+03 1.195696927111185690e-07 1.195284346623776896e-08
5.291695744000000559e+03 1.011096859491624020e-07 1.193008836171221324e-08
5.333037117000000762e+03 8.822016449378277122e-08 1.188984430510533650e-08
5.374378490000000966e+03 8.222728628582707678e-08 1.185738497611829503e-08
5.415719863000000259e+03 8.123956598935967022e-08 1.184306418537928276e-08
5.457061236000000463e+03 8.142456828683697159e-08 1.184637280909081127e-08
5.498402609000000666e+03 7.900073940489006029e-08 1.186960191953091571e-08
5.539743982000000869e+03 7.190838308756634293e-08 1.191154964223704951e-08
5.581085355000000163e+03 6.042693759562532200e-08 1.195192787135726682e-08
5.622426728000000367e+03 4.662794453591768060e-08 1.196101313940373571e-08
5.663768101000000570e+03 3.312665882475976553e-08 1.193108976516847652e-08
5.705109474000000773e+03 2.184606636043082662e-08 1.188576447195545618e-08
5.746450847000000977e+03 1.337338584212346357e-08 1.185270521528591125e-08
5.787792220000000270e+03 7.091230746212512398e-09 1.184006848698092904e-08
5.829133593000000474e+03 1.829007394524552457e-09 1.184586540241531356e-08
5.870474966000000677e+03 -3.453577516803782070e-09 1.187345776726751375e-08
5.911816339000000880e+03 -9.345062225104112957e-09 1.192081970063782584e-08
5.953157712000000174e+03 -1.608808670964048336e-08 1.196299915083914483e-08
5.994499085000000377e+03 -2.386532790607814226e-08 1.196745270433819267e-08
6.035840458000000581e+03 -3.293561722003640719e-08 1.193023744560599876e-08
6.077181831000000784e+03 -4.345845566362683603e-08 1.188093116852450074e-08
6.118523204000000987e+03 -5.511851652977535065e-08 1.184834012400111250e-08
6.159864577000000281e+03 -6.686321730071562309e-08 1.183775471770179522e-08
6.201205950000000485e+03 -7.707191302307984019e-08 1.184619291086628883e-08
6.242547323000000688e+03 -8.424516861902780946e-08 1.187834037559339400e-08
6.283888696000000891e+03 -8.793331682831588035e-08 1.193065281767072319e-08
6.325230069000001095e+03 -8.935061562163485637e-08 1.197323044243005059e-08
6.366571442000000388e+03 -9.117741614840477483e-08 1.197187696072596092e-08
6.407912815000000592e+03 -9.646456403937556124e-08 1.192764275482303913e-08
6.449254188000000795e+03 -1.070881431500823815e-07 1.187563359318619460e-08
6.490595561000000998e+03 -1.225356778595440730e-07 1.184443465987996812e-08
6.531936934000000292e+03 -1.397433572931816684e-07 1.183611507575526630e-08
6.573278307000000495e+03 -1.542543251119897866e-07 1.184734565086612458e-08
6.614619680000000699e+03 -1.623035214620181758e-07 1.188416869592587401e-08
6.655961053000000902e+03 -1.628607025462910101e-07 1.194071635128443672e-08
6.697302426000001105e+03 -1.585258275108101877e-07 1.198216807000932447e-08
6.738643799000000399e+03 -1.546425802302986785e-07 1.197409888698216601e-08
6.779985172000000603e+03 -1.568902464236906080e-07 1.192350446724052660e-08
6.821326545000000806e+03 -1.684504580427402469e-07 1.187015429289324564e-08
6.862667918000001009e+03 -1.881578126921354129e-07 1.184108249645107070e-08
6.904009291000000303e+03 -2.106611225998754586e-07 1.183512796089331191e-08
6.945350664000000506e+03 -2.287073432634959998e-07 1.184931522930201655e-08
6.986692037000000710e+03 -2.366027640697953117e-07 1.189081835880888249e-08
7.028033410000000913e+03 -2.332036881988542273e-07 1.195062721477206854e-08
7.069374783000001116e+03 -2.228613158899375524e-07 1.198939867027640493e-08
7.110716156000000410e+03 -2.136660040804695497e-07 1.197405060863261219e-08
7.152057529000000613e+03 -2.136866230355074973e-07 1.191809965308881226e-08
7.193398902000000817e+03 -2.269680222257573075e-07 1.186475570336503583e-08
7.234740275000001020e+03 -2.512639930849717714e-07 1.183833633422443525e-08
7.276081648000001223e+03 -2.787332183724647211e-07 1.183477316208713972e-08
7.317423021000000517e+03 -2.994492936139407308e-07 1.185209076861428437e-08
7.358764394000000721e+03 -3.061780848138950504e-07 1.189810968436590125e-08
7.400105767000000924e+03 -2.981237648720226104e-07 1.195996280248660645e-08
7.441447140000001127e+03 -2.816944050108112319e-07 1.199457240440842952e-08
7.482788513000000421e+03 -2.677262700401154784e-07 1.197178190197374019e-08
7.524129886000000624e+03 -2.663722495670181233e-07 1.191175134133358443e-08
7.565471259000000828e+03 -2.820814454848389022e-07 1.185965866403025989e-08
7.606812632000001031e+03 -3.111404212101119859e-07 1.183621220755755623e-08
7.648154005000001234e+03 -3.430941765670746796e-07 1.183503751751728504e-08
7.689495378000000528e+03 -3.655437583826018737e-07 1.185564841890894432e-08
7.730836751000000731e+03 -3.701409553408064867e-07 1.190580603705675531e-08
7.772178124000000935e+03 -3.568784064257118688e-07 1.196829198381617870e-08
7.813519497000001138e+03 -3.344575104503162376e-07 1.199743650220667303e-08
7.854860870000000432e+03 -3.163764997251497075e-07 1.196745808689494877e-08
7.896202243000000635e+03 -3.145106189911027633e-07 1.190480786289626574e-08
7.937543616000000839e+03 -3.332526312848215630e-07 1.185503748895947113e-08
7.978884989000001042e+03 -3.670889672849531581e-07 1.183470424956538503e-08
8.020226362000001245e+03 -4.029097902921445539e-07 1.183591783165742744e-08
8.061567735000000539e+03 -4.261150957368834608e-07 1.185993827124981432e-08
8.102909108000000742e+03 -4.276928527075578116e-07 1.191361719025808092e-08
8.144250481000000946e+03 -4.088299762384927219e-07 1.197520001969351495e-08
8.185591854000001149e+03 -3.806815496814310170e-07 1.199785176094325625e-08
8.226933227000001352e+03 -3.592442756288172247e-07 1.196134604503934062e-08
8.268274600000000646e+03 -3.577102653443183108e-07 1.189761531552497558e-08
8.309615973000001759e+03 -3.799685958700475397e-07 1.185101857918793298e-08
8.350957346000001053e+03 -4.184363674027639911e-07 1.183379929847678413e-08
8.392298719000000347e+03 -4.573906520973693796e-07 1.183742300501621636e-08
8.433640092000001459e+03 -4.803630993659166052e-07 1.186487324760968874e-08
8.474981465000000753e+03 -4.781372226383216466e-07 1.192120675990182366e-08
8.516322838000000047e+03 -4.534524657121627719e-07 1.198031919404491294e-08
8.557664211000001160e+03 -4.199974885832447543e-07 1.199580452430975714e-08
8.599005584000000454e+03 -3.960305339610646067e-07 1.195379015959888753e-08
8.640346957000001566e+03 -3.956247927353042297e-07 1.189049627243334944e-08
8.681688330000000860e+03 -4.217458137600566198e-07 1.184768130019006850e-08
8.723029703000000154e+03 -4.645438943554791806e-07 1.183348535835638618e-08
8.764371076000001267e+03 -5.058054850984478677e-07 1.183956199131260823e-08
8.805712449000000561e+03 -5.275764615174387593e-07 1.187032031000559913e-08
8.847053822000001674e+03 -5.208894268209970967e-07 1.192821092788653690e-08
8.888395195000000967e+03 -4.903359944687625473e-07 1.198335599965288506e-08
8.929736568000000261e+03 -4.521361041162147464e-07 1.199140603043926222e-08
8.971077941000001374e+03 -4.265075873488643968e-07 1.194518494899018021e-08
9.012419314000000668e+03 -4.279529516304977903e-07 1.188372998750651453e-08
9.053760687000001781e+03 -4.581350736928981163e-07 1.184506911417533134e-08
9.095102060000001075e+03 -5.048173189386622736e-07 1.183376053382264105e-08
9.136443433000000368e+03 -5.474939704980007287e-07 1.184233801767922169e-08
9.177784806000001481e+03 -5.671447489849834326e-07 1.187609687055371293e-08
9.219126179000000775e+03 -5.554845363267883138e-07 1.193426159807444947e-08
9.260467552000001888e+03 -5.191891034717740657e-07 1.198411690768371960e-08
9.301808925000001182e+03 -4.769261370186079234e-07 1.198488446043690490e-08
9.343150298000000475e+03 -4.505164799011710840e-07 1.193594595533542277e-08
9.384491671000001588e+03 -4.544388684686777372e-07 1.187754309391067070e-08
9.425833044000000882e+03 -4.887267877789667041e-07 1.184319958553643730e-08
9.467174417000000176e+03 -5.387169459141022648e-07 1.183463358794200500e-08
9.508515790000001289e+03 -5.818787661628242338e-07 1.184572931194087201e-08
9.549857163000000583e+03 -5.985686355607898267e-07 1.188196859998314375e-08
9.591198536000001695e+03 -5.815828278140882708e-07 1.193901043010704685e-08
9.632539909000000989e+03 -5.398388746329387924e-07 1.198252402996227277e-08
9.673881282000000283e+03 -4.942910001871642535e-07 1.197656862890933386e-08
9.715222655000001396e+03 -4.679638611986725765e-07 1.192648510136098955e-08
9.756564028000000690e+03 -4.748725189255358468e-07 1.187211026690599505e-08
9.797905401000001802e+03 -5.131566628490987931e-07 1.184208025781408345e-08
9.839246774000001096e+03 -5.657674767768383932e-07 1.183612540933118247e-08
9.880588147000000390e+03 -6.084764249636327546e-07 1.184968490726666327e-08
9.921929520000001503e+03 -6.214681474190016496e-07 1.188766348179569751e-08
9.963270893000000797e+03 -5.989729105772581322e-07 1.194215781867180007e-08
1.000461226600000191e+04 -5.522289763577473896e-07 1.197862011163526371e-08
1.004595363900000120e+04 -5.042442294800658843e-07 1.196685680579641477e-08
1.008729501200000050e+04 -4.788185442610057990e-07 1.191717857755749393e-08
1.012863638500000161e+04 -4.890904762268810310e-07 1.186754840460433290e-08
1.016997775800000090e+04 -5.311116142589094649e-07 1.184171174682835232e-08
1.021131913100000020e+04 -5.855674522934782188e-07 1.183825439997470967e-08
1.025266050400000131e+04 -6.269069313164136353e-07 1.185410632916524584e-08
1.029400187700000060e+04 -6.355887600164968046e-07 1.189288258040225162e-08
1.033534325000000172e+04 -6.075724996278220839e-07 1.194347729766842245e-08
1.037668462300000101e+04 -5.564158077828089362e-07 1.197257009698791545e-08
1.041802599600000030e+04 -5.068839186115832732e-07 1.195619372554898053e-08
1.045936736900000142e+04 -4.831079254839115438e-07 1.190835622536522139e-08
1.050070874200000071e+04 -4.969769707948535613e-07 1.186393596417492580e-08
1.054205011500000182e+04 -5.423357706142820901e-07 1.184210394774980104e-08
1.058339148800000112e+04 -5.977980213897661685e-07 1.184103368671874088e-08
1.062473286100000041e+04 -6.369016222452195849e-07 1.185885081792046358e-08
1.066607423400000152e+04 -6.408052179198405570e-07 1.189732292938010965e-08
1.070741560700000082e+04 -6.074268537322966168e-07 1.194283601248162486e-08
1.074875698000000193e+04 -5.525628953825941802e-07 1.196464555051076445e-08
1.079009835300000123e+04 -5.023863417848007508e-07 1.194503437515160670e-08
1.083143972600000052e+04 -4.809144046169656406e-07 1.190028491458412611e-08
1.087278109900000163e+04 -4.984652424617169066e-07 1.186131481733536528e-08
1.091412247200000093e+04 -5.466364093629026107e-07 1.184326926738712922e-08
1.095546384500000204e+04 -6.022307878443064635e-07 1.184445019841751378e-08
1.099680521800000133e+04 -6.383092661710957193e-07 1.186372456580952281e-08
1.103814659100000063e+04 -6.371229818206849725e-07 1.190070119111023457e-08
1.107948796400000174e+04 -5.987049812177129286e-07 1.194020823826480264e-08
1.112082933700000103e+04 -5.409337690323455156e-07 1.195520480598945032e-08
1.116217071000000033e+04 -4.909989963633576529e-07 1.193381672858517390e-08
1.120351208300000144e+04 -4.723719340468572952e-07 1.189316905011264163e-08
1.124485345600000073e+04 -4.935391461016973531e-07 1.185970879042858541e-08
1.128619482900000185e+04 -5.438896247712292633e-07 1.184522726895130506e-08
1.132753620200000114e+04 -5.987344904925727906e-07 1.184846009260081884e-08
1.136887757500000043e+04 -6.311001413392580451e-07 1.186849893101201960e-08
1.141021894800000155e+04 -6.246773265407418570e-07 1.190277913563129442e-08
1.145156032100000084e+04 -5.816937819740040004e-07 1.193568105139985285e-08
1.149290169400000195e+04 -5.218835776549655437e-07 1.194466828375992058e-08
1.153424306700000125e+04 -4.730332872997634316e-07 1.192293886373352402e-08
1.157558444000000054e+04 -4.576627830287151253e-07 1.188715248386210145e-08
1.161692581300000165e+04 -4.822349304246938370e-07 1.185913060440260507e-08
1.165826718600000095e+04 -5.340455388500554865e-07 1.184799002936030243e-08
1.169960855900000206e+04 -5.872802970829396338e-07 1.185297027050991841e-08
1.174094993200000135e+04 -6.153679681158674614e-07 1.187291406208011397e-08
1.178229130500000065e+04 -6.037300743126825011e-07 1.190337976679437063e-08
1.182363267800000176e+04 -5.567902726671171990e-07 1.192944215721410183e-08
1.186497405100000105e+04 -4.958496614377502511e-07 1.193347968151445795e-08
1.190631542400000035e+04 -4.488570549901400813e-07 1.191273505668157252e-08
1.194765679700000146e+04 -4.370145868352348170e-07 1.188232588154310058e-08
1.198899817000000075e+04 -4.646431113035957386e-07 1.185958959274553821e-08
1.203033954300000187e+04 -5.171328543466410891e-07 1.185155675530275812e-08
1.207168091600000116e+04 -5.679455320568485024e-07 1.185784170374406781e-08
1.211302228900000046e+04 -5.913296486419496828e-07 1.187670739660311046e-08
1.215436366200000157e+04 -5.746641046027321248e-07 1.190241472972280747e-08
1.219570503500000086e+04 -5.244921678437306630e-07 1.192177500952529434e-08
1.223704640800000197e+04 -4.633413861299174538e-07 1.192208400055320793e-08
1.227838778100000127e+04 -4.188871361292218123e-07 1.190347167532411104e-08
1.231972915400000056e+04 -4.106977126581667852e-07 1.187874063638673222e-08
1.236107052700000168e+04 -4.409102857447158906e-07 1.186109271140222076e-08
1.240241190000000097e+04 -4.932625377858878118e-07 1.185589536447066552e-08
1.244375327300000208e+04 -5.409156497841880740e-07 1.186288439284448201e-08
1.248509464600000138e+04 -5.593227437237804478e-07 1.187963076765448116e-08
1.252643601900000067e+04 -5.379757352169102527e-07 1.189988677401061646e-08
1.256777739200000178e+04 -4.853870284334180767e-07 1.191302893684954615e-08
1.260911876500000108e+04 -4.249294603747718258e-07 1.191089187086382871e-08
1.265046013800000219e+04 -3.835821128876851645e-07 1.189534113826687681e-08
1.269180151100000148e+04 -3.790229475547414763e-07 1.187641934538866870e-08
1.273314288400000078e+04 -4.112407970204194773e-07 1.186364195514964474e-08
1.277448425700000189e+04 -4.626304751732513613e-07 1.186093496111792723e-08
1.281582563000000118e+04 -5.064843653584089402e-07 1.186786765032937087e-08
1.285716700300000048e+04 -5.198007634852192215e-07 1.188147352414341788e-08
1.289850837600000159e+04 -4.942651996087048152e-07 1.189589533899395168e-08
1.293984974900000088e+04 -4.401402960138986304e-07 1.190359577607963450e-08
1.298119112200000200e+04 -3.812350432648276660e-07 1.190026100685380134e-08
1.302253249500000129e+04 -3.434354071534113502e-07 1.188847069724687968e-08
1.306387386800000058e+04 -3.423394836479001179e-07 1.187536919212263894e-08
1.310521524100000170e+04 -3.758980623637990448e-07 1.186722747062232590e-08
1.314655661400000099e+04 -4.255189068162229344e-07 1.186655533429419865e-08
1.318789798700000210e+04 -4.650518440388477011e-07 1.187253510874334759e-08
1.322923936000000140e+04 -4.733263180470573933e-07 1.188208502085651617e-08
1.327058073300000069e+04 -4.442254256487430924e-07 1.189062855059680944e-08
1.331192210600000180e+04 -3.894824769771132257e-07 1.189387761158282766e-08
1.335326347900000110e+04 -3.329188374477581421e-07 1.189047857791496714e-08
1.339460485200000221e+04 -2.989687965410909032e-07 1.188293125872681338e-08
1.343594622500000150e+04 -3.010331473725069024e-07 1.187558817835266122e-08
1.347728759800000080e+04 -3.352054387202386963e-07 1.187181709266741606e-08
1.351862897100000191e+04 -3.822965036513946432e-07 1.187258502277866138e-08
1.355997034400000121e+04 -4.171209168045651568e-07 1.187662346497943785e-08
1.360131171700000232e+04 -4.205622649595310547e-07 1.188138930802714496e-08
1.364265309000000161e+04 -3.886293765432012425e-07 1.188434790067792163e-08
1.368399446300000091e+04 -3.341957765639092118e-07 1.188425507548079268e-08
1.372533583600000202e+04 -2.806704173005538275e-07 1.188175208120086856e-08
1.376667720900000131e+04 -2.507264473073036573e-07 1.187874740042870181e-08
1.380801858200000061e+04 -2.555247908521779438e-07 1.187706271065356802e-08
1.384935995500000172e+04 -2.895464539342304823e-07 1.187733949341819842e-08
1.389070132800000101e+04 -3.334169716527942645e-07 1.187879725146604769e-08
1.393204270100000213e+04 -3.632913440729778946e-07 1.187987937981777651e-08
1.397338407400000142e+04 -3.622610366250284328e-07 1.187939171747821631e-08
1.401472544700000071e+04 -3.283162561129100101e-07 1.187736547642214982e-08
1.405606682000000183e+04 -2.751004983782817660e-07 1.187506661729570159e-08
1.409740819300000112e+04 -2.251979795202986228e-07 1.187421731867626992e-08
1.413874956600000223e+04 -1.992694937659072790e-07 1.187592226797145251e-08
1.418009093900000153e+04 -2.062687659779430541e-07 1.187977644759914157e-08
1.422143231200000082e+04 -2.393642845917782151e-07 1.188368418835127302e-08
1.426277368500000193e+04 -2.794161088293444774e-07 1.188493091209418427e-08
1.430411505800000123e+04 -3.042521901751141535e-07 1.188209212002911283e-08
1.434545643100000234e+04 -2.992523582999785316e-07 1.187618678908276432e-08
1.438679780400000163e+04 -2.641768710186523064e-07 1.187001991828169521e-08
1.442813917700000093e+04 -2.130414718362378263e-07 1.186658478406457195e-08
1.446948055000000204e+04 -1.672186988061016944e-07 1.186793954435124701e-08
1.451082192300000133e+04 -1.451711940726182115e-07 1.187443668189525265e-08
1.455216329600000245e+04 -1.537513698308674293e-07 1.188369082008060986e-08
1.459350466900000174e+04 -1.851603342246880018e-07 1.189068327535269652e-08
1.463484604200000103e+04 -2.209072661393379980e-07 1.189069495657912156e-08
1.467618741500000215e+04 -2.407724222938718896e-07 1.188310481016641692e-08
1.471752878800000144e+04 -2.324296183065508997e-07 1.187194409927209835e-08
1.475887016100000073e+04 -1.971384729878024576e-07 1.186264524539309235e-08
1.480021153400000185e+04 -1.488747892271279576e-07 1.185900822108842856e-08
1.484155290700000114e+04 -1.074497928629944353e-07 1.186293498121815369e-08
1.488289428000000225e+04 -8.901261227429294533e-08 1.187426682309009663e-08
1.492423565300000155e+04 -9.848913330637725198e-08 1.188873995883770398e-08
1.496557702600000084e+04 -1.274918103145192549e-07 1.189811313555854046e-08
1.500691839900000195e+04 -1.585752079035765906e-07 1.189579148025032088e-08
1.504825977200000125e+04 -1.736898720226596941e-07 1.188283068345494206e-08
1.508960114500000236e+04 -1.627351566385770184e-07 1.186689455052649380e-08
1.513094251800000166e+04 -1.281493966666236368e-07 1.185554441950562437e-08
1.517228389100000095e+04 -8.345509109108138771e-08 1.185245679865219279e-08
1.521362526400000206e+04 -4.660042826452435063e-08 1.185918301175598445e-08
1.525496663700000136e+04 -3.137881004936247778e-08 1.187538594697015511e-08
1.529630801000000247e+04 -4.102684524153049954e-08 1.189482552922141139e-08
1.533764938300000176e+04 -6.696820718271152259e-08 1.190570440941682851e-08
1.537899075600000106e+04 -9.316842327968062107e-08 1.189994378250535104e-08
1.542033212900000217e+04 -1.038987839034632117e-07 1.188126911638260525e-08
1.546167350200000146e+04 -9.114480695867276081e-08 1.186131389125842339e-08
1.550301487500000076e+04 -5.816381035905554205e-08 1.184897116282567428e-08
1.554435624800000187e+04 -1.762362654931269770e-08 1.184698020738884255e-08
1.558569762100000116e+04 1.463547911542496186e-08 1.185664463342451477e-08
1.562703899400000228e+04 2.714452086320186164e-08 1.187775744957889078e-08
1.566838036700000157e+04 1.806478714407843645e-08 1.190179656897077040e-08
1.570972174000000086e+04 -4.246667588180887553e-09 1.191314480351484961e-08
1.575106311300000198e+04 -2.548997842440614762e-08 1.190291383578820223e-08
1.579240448600000127e+04 -3.233616956874236035e-08 1.187849974065354916e-08
1.583374585900000238e+04 -1.865197968843977607e-08 1.185549359033137811e-08
1.587508723200000168e+04 1.187312854480022384e-08 1.184311209551993346e-08
1.591642860500000097e+04 4.780274706299740383e-08 1.184257145864549864e-08
1.595776997800000208e+04 7.558554846037957332e-08 1.185527623567321077e-08
1.599911135100000138e+04 8.597408640712374613e-08 1.188133299732959720e-08
1.604045272400000249e+04 7.819197859059729845e-08 1.190945202594536310e-08
1.608179409700000178e+04 5.997383931254684920e-08 1.192010269437562994e-08
1.612313547000000108e+04 4.361299124958736544e-08 1.190452647073384965e-08
1.616447684300000219e+04 4.003277556640548198e-08 1.187467940102475684e-08
1.620581821600000148e+04 5.374836766220659991e-08 1.184971830200874668e-08
1.624715958900000260e+04 8.103942392569292769e-08 1.183808208257053974e-08
1.628850096200000189e+04 1.120414459325856739e-07 1.183918392955909080e-08
1.632984233500000119e+04 1.356042806799011023e-07 1.185503862215295891e-08
1.637118370800000230e+04 1.445317563843893236e-07 1.188604118074233827e-08
1.641252508100000341e+04 1.387412698346698738e-07 1.191753572504817093e-08
1.645386645400000270e+04 1.249594752989482383e-07 1.192624383612223323e-08
1.649520782700000200e+04 1.132609555214023470e-07 1.190468243223224010e-08
1.653654920000000129e+04 1.122298882134918325e-07 1.187002577871628520e-08
1.657789057300000059e+04 1.250755634684368584e-07 1.184423775006479196e-08
1.661923194600000352e+04 1.484494663213282527e-07 1.183392245671572344e-08
1.666057331900000281e+04 1.743528550254725601e-07 1.183674703236497089e-08
1.670191469200000211e+04 1.940775190859391436e-07 1.185589567993583453e-08
1.674325606500000140e+04 2.022471744394273459e-07 1.189177007233441771e-08
1.678459743800000069e+04 1.990835727775853185e-07 1.192574018858507988e-08
1.682593881099999999e+04 1.899495854102715322e-07 1.193125812253455947e-08
1.686728018400000292e+04 1.825546365334044788e-07 1.190336986820929796e-08
1.690862155700000221e+04 1.832795834921535718e-07 1.186479997386987711e-08
1.694996293000000151e+04 1.943785273180577494e-07 1.183925573264310109e-08
1.699130430300000080e+04 2.132660828355205833e-07 1.183061849267606445e-08
1.703264567600000009e+04 2.340477123002040341e-07 1.183519315194390517e-08
1.707398704900000303e+04 2.504260615087039584e-07 1.185782128603011256e-08
1.711532842200000232e+04 2.585603161478181436e-07 1.189836928591293913e-08
1.715666979500000161e+04 2.585789102192414486e-07 1.193372695703620112e-08
1.719801116800000091e+04 2.541657668488601024e-07 1.193488567573583691e-08
1.723935254100000020e+04 2.505884123798595279e-07 1.190066658404761320e-08
1.728069391400000313e+04 2.522244364058586053e-07 1.185928090259378766e-08
1.732203528700000243e+04 2.607502839696046728e-07 1.183491184960876900e-08
1.736337666000000172e+04 2.747112668555345006e-07 1.182810990081144968e-08
1.740471803300000101e+04 2.904932089274625301e-07 1.183446554941141033e-08
1.744605940600000031e+04 3.041085341488376291e-07 1.186078286289254843e-08
1.748740077900000324e+04 3.129241140655975336e-07 1.190563684220627126e-08
1.752874215200000253e+04 3.165818684312687770e-07 1.194113940061581508e-08
1.757008352500000183e+04 3.168218322188808069e-07 1.193693534008482061e-08
1.761142489800000112e+04 3.164642094373551237e-07 1.189673074664206357e-08
1.765276627100000042e+04 3.181404594144053499e-07 1.185374269017949555e-08
1.769410764400000335e+04 3.233413881028834156e-07 1.183128058978057427e-08
1.773544901700000264e+04 3.320754145293319391e-07 1.182631149756763026e-08
1.777679039000000193e+04 3.431177466007647295e-07 1.183452559662609811e-08
1.781813176300000123e+04 3.546235690673127665e-07 1.186472917299516895e-08
1.785947313600000052e+04 3.648071944672968351e-07 1.191331275531009104e-08
1.790081450900000345e+04 3.724477384325869029e-07 1.194762020299903617e-08
1.794215588200000275e+04 3.771344928692694997e-07 1.193729728848540112e-08
1.798349725500000204e+04 3.793056079057294443e-07 1.189178565023145527e-08
1.802483862800000134e+04 3.801517880200930511e-07 1.184843098005040510e-08
1.806618000100000063e+04 3.813720366648950889e-07 1.182837470481577482e-08
1.810752137400000356e+04 3.847249848038544308e-07 1.182513500868466689e-08
1.814886274700000286e+04 3.914144420789309261e-07 1.183535818907164358e-08
1.819020412000000215e+04 4.015114555054549840e-07 1.186958067269253468e-08
1.823154549300000144e+04 4.136968597297605938e-07 1.192109393871097716e-08
1.827288686600000074e+04 4.255393360889797632e-07 1.195284549318683253e-08
1.831422823900000367e+04 4.343346063733710954e-07 1.193595961511137599e-08
1.835556961200000296e+04 4.382718811431974449e-07 1.188610648449591280e-08
1.839691098500000226e+04 4.374444633190258223e-07 1.184354926033409259e-08
1.843825235800000155e+04 4.341426624372625114e-07 1.182616149633500558e-08
1.847959373100000084e+04 4.321085099005041393e-07 1.182450857780346906e-08
1.852093510400000378e+04 4.349433965542530307e-07 1.183696682243616045e-08
1.856227647700000307e+04 4.443553168422159692e-07 1.187521886217026856e-08
1.860361785000000236e+04 4.591023183373642423e-07 1.192864502388316744e-08
1.864495922300000166e+04 4.752343942941643307e-07 1.195654623445403465e-08
1.868630059600000095e+04 4.876787537195149027e-07 1.193300593008713168e-08
1.872764196900000024e+04 4.925716754160531711e-07 1.187999184355516227e-08
1.876898334200000318e+04 4.892790606918415585e-07 1.183924604876306308e-08
1.881032471500000247e+04 4.810428470390588357e-07 1.182457409703977857e-08
1.885166608800000176e+04 4.737609550727123243e-07 1.182438646021049296e-08
1.889300746100000106e+04 4.733328628118266810e-07 1.183935863473038355e-08
1.893434883400000035e+04 4.827819709356775775e-07 1.188147415367512748e-08
1.897569020700000328e+04 5.005582469026314160e-07 1.193561158946212803e-08
1.901703158000000258e+04 5.209334616817619976e-07 1.195852577989527343e-08
1.905837295300000187e+04 5.364609369001079603e-07 1.192860731540994901e-08
1.909971432600000117e+04 5.414760462706854245e-07 1.187374237275295013e-08
1.914105569900000046e+04 5.350019054185683070e-07 1.183561320625085006e-08
1.918239707200000339e+04 5.215584335964298852e-07 1.182353652405640739e-08
1.922373844500000268e+04 5.093064328210292211e-07 1.182475971573357860e-08
1.926507981800000198e+04 5.062793940561542907e-07 1.184253628428282389e-08
1.930642119100000127e+04 5.164625618233574031e-07 1.188812951033601737e-08
1.934776256400000057e+04 5.376286672536123178e-07 1.194164958770093549e-08
1.938910393700000350e+04 5.620681620005762003e-07 1.195868077294890656e-08
1.943044531000000279e+04 5.800241457082295287e-07 1.192300997459407740e-08
1.947178668300000209e+04 5.843305770556583436e-07 1.186763802882208063e-08
1.951312805600000138e+04 5.740546789285508265e-07 1.183268949161389184e-08
1.955446942900000067e+04 5.552767643681872168e-07 1.182297843375814817e-08
1.959581080200000360e+04 5.384593368709885136e-07 1.182564900162854998e-08
1.963715217500000290e+04 5.335471098924973925e-07 1.184647225474069268e-08
1.967849354800000219e+04 5.451130615688325214e-07 1.189491555063085792e-08
1.971983492100000149e+04 5.699111363862930721e-07 1.194644154776490094e-08
1.976117629400000078e+04 5.981096629405309239e-07 1.195700387835186153e-08
1.980251766700000371e+04 6.177715377158458832e-07 1.191651412626829898e-08
1.984385904000000301e+04 6.205663163836081270e-07 1.186192329353100852e-08
1.988520041300000230e+04 6.059822326487147153e-07 1.183047317615903448e-08
1.992654178600000159e+04 5.818900076586930044e-07 1.182285427852552368e-08
1.996788315900000089e+04 5.610239879401512900e-07 1.182710221543138200e-08
2.000922453200000382e+04 5.549662220191214040e-07 1.185110339144515872e-08
2.005056590500000311e+04 5.684947332819414747e-07 1.190153102190987602e-08
2.009190727800000241e+04 5.970412138614814872e-07 1.194972804965277403e-08
2.013324865100000170e+04 6.285771910917251539e-07 1.195358997811355277e-08
2.017459002400000099e+04 6.491769945706357683e-07 1.190945124346797643e-08
2.021593139700000393e+04 6.497093052302875913e-07 1.185679292088631218e-08
2.025727277000000322e+04 6.304384924495693095e-07 1.182893741434599633e-08
2.029861414300000251e+04 6.011965919347317529e-07 1.182315333078562451e-08
2.033995551600000181e+04 5.768929048017493206e-07 1.182917806164799103e-08
2.038129688900000110e+04 5.704309548626856128e-07 1.185631742066649286e-08
2.042263826200000040e+04 5.864146314094446477e-07 1.190765540542086775e-08
2.046397963500000333e+04 6.186971469110056646e-07 1.195132316992158483e-08
2.050532100800000262e+04 6.530464031923718921e-07 1.194862447058958611e-08
2.054666238100000191e+04 6.737948050540174219e-07 1.190215902199927936e-08
2.058800375400000121e+04 6.713884966355683420e-07 1.185238870294135071e-08
2.062934512700000050e+04 6.471903707002496872e-07 1.182804514174418536e-08
2.067068650000000343e+04 6.131008009044844866e-07 1.182390146203230291e-08
2.071202787300000273e+04 5.860438532212843129e-07 1.183192699049669852e-08
2.075336924600000202e+04 5.798970003109501041e-07 1.186194742089839596e-08
2.079471061900000132e+04 5.987261643835023427e-07 1.191297291846275581e-08
2.083605199200000061e+04 6.346046700415954896e-07 1.195113376931247468e-08
2.087739336500000354e+04 6.711574059785155349e-07 1.194237214705247491e-08
2.091873473800000284e+04 6.912682357197699777e-07 1.189496290946206251e-08
2.096007611100000213e+04 6.853418884030658565e-07 1.184880777700916242e-08
2.100141748400000142e+04 6.561196306128520636e-07 1.182777274229608111e-08
2.104275885700000072e+04 6.176106104054856556e-07 1.182516063012255451e-08
2.108410023000000365e+04 5.885358144672151783e-07 1.183537455007064706e-08
2.112544160300000294e+04 5.833786454550695443e-07 1.186777556073798677e-08
2.116678297600000224e+04 6.053297783444360716e-07 1.191719359185424853e-08
2.120812434900000153e+04 6.445418415205751015e-07 1.194916403375838495e-08
2.124946572200000082e+04 6.826222364577065536e-07 1.193515272948732922e-08
2.129080709500000376e+04 7.013367931134876107e-07 1.188815205354143811e-08
2.133214846800000305e+04 6.914207573637090387e-07 1.184610299324082969e-08
2.137348984100000234e+04 6.572227365126378162e-07 1.182811420468159588e-08
2.141483121400000164e+04 6.148339115420330123e-07 1.182701116376978122e-08
2.145617258700000093e+04 5.845040708254126628e-07 1.183950183168935758e-08
2.149751396000000386e+04 5.809456964173570372e-07 1.187354184978006394e-08
2.153885533300000316e+04 6.061737418962554602e-07 1.192007658173388318e-08
2.158019670600000245e+04 6.483437576139574494e-07 1.194551250029591560e-08
2.162153807900000174e+04 6.872315889676957389e-07 1.192731648316795467e-08
2.166287945200000104e+04 7.038419760926381432e-07 1.188196939495305539e-08
2.170422082500000397e+04 6.895918885302175738e-07 1.184430151447844687e-08
2.174556219800000326e+04 6.506087146787711436e-07 1.182909324809682651e-08
2.178690357100000256e+04 6.049732579212940259e-07 1.182954025339508398e-08
2.182824494400000185e+04 5.741545600108714169e-07 1.184423564974062748e-08
2.186958631700000115e+04 5.727202982178485939e-07 1.187896362131265590e-08
2.191092769000000408e+04 6.012550242065391116e-07 1.192145483767248588e-08
2.195226906300000337e+04 6.459070331293504298e-07 1.194037255262185998e-08
2.199361043600000266e+04 6.848605973619646023e-07 1.191922540461634423e-08
2.203495180900000196e+04 6.987313729447277798e-07 1.187660920810081192e-08
2.207629318200000125e+04 6.799377797161488629e-07 1.184341751002389012e-08
2.211763455500000055e+04 6.364951354066131863e-07 1.183076198779319190e-08
2.215897592800000348e+04 5.883193264389292507e-07 1.183281785197465034e-08
2.220031730100000277e+04 5.577576951861992718e-07 1.184944104187477018e-08
2.224165867400000207e+04 5.588737581224204554e-07 1.188375268060956261e-08
2.228300004700000136e+04 5.906202333076951229e-07 1.192124221087546211e-08
2.232434142000000065e+04 6.371938886707548812e-07 1.193400741702187342e-08
2.236568279300000358e+04 6.754734960125749739e-07 1.191122297016125590e-08
2.240702416600000288e+04 6.860609775840866970e-07 1.187221345652277217e-08
2.244836553900000217e+04 6.626548114967215107e-07 1.184346587670999551e-08
2.248970691200000147e+04 6.152023386407853618e-07 1.183319503159804969e-08
2.253104828500000076e+04 5.652432890276420904e-07 1.183687934920657412e-08
2.257238965800000369e+04 5.356418201193762528e-07 1.185492459720209638e-08
2.261373103100000299e+04 5.396234291969657148e-07 1.188764292542379380e-08
2.265507240400000228e+04 5.743665427215434580e-07 1.191944730513793580e-08
2.269641377700000157e+04 6.222356898270238296e-07 1.192673464522208283e-08
2.273775515000000087e+04 6.591269940586500979e-07 1.190362120389520205e-08
2.277909652300000380e+04 6.659956506575216646e-07 1.186888219222267163e-08
2.282043789600000309e+04 6.380494432113258963e-07 1.184447268435165874e-08
2.286177926900000239e+04 5.871460736616288789e-07 1.183647618127336597e-08
2.290312064200000168e+04 5.361883029159437035e-07 1.184170845350912181e-08
2.294446201500000097e+04 5.081864602745001605e-07 1.186044746044085519e-08
2.298580338800000391e+04 5.152297122629252235e-07 1.189041212098988665e-08
2.302714476100000320e+04 5.526425427665128972e-07 1.191616896541029777e-08
2.306848613400000249e+04 6.011357941569242727e-07 1.191890155787231092e-08
2.310982750700000179e+04 6.359722265933003878e-07 1.189668537363478717e-08
2.315116888000000108e+04 6.388076724358739562e-07 1.186668217859932142e-08
2.319251025300000401e+04 6.065325095097945230e-07 1.184647910519315853e-08
2.323385162600000331e+04 5.528287384369588691e-07 1.184067876307800271e-08
2.327519299900000260e+04 5.016603363870160320e-07 1.184722467417140677e-08
2.331653437200000189e+04 4.758155259974684881e-07 1.186573853423237619e-08
2.335787574500000119e+04 4.859932113448007761e-07 1.189190127295076038e-08
2.339921711800000412e+04 5.256489235000447451e-07 1.191158864999906508e-08
2.344055849100000341e+04 5.740715597419366945e-07 1.191085737134227718e-08
2.348189986400000271e+04 6.062551695779691487e-07 1.189062601602980931e-08
2.352324123700000200e+04 6.048733983646179124e-07 1.186565886252639120e-08
2.356458261000000130e+04 5.686117624639912482e-07 1.184953867648773562e-08
2.360592398300000423e+04 5.128294419145110370e-07 1.184584574883340431e-08
2.364726535600000352e+04 4.622185486003127301e-07 1.185327561721908347e-08
2.368860672900000282e+04 4.389905916053668922e-07 1.187051643876711535e-08
2.372994810200000211e+04 4.522520227705742667e-07 1.189202792240574580e-08
2.377128947500000140e+04 4.936388804307333321e-07 1.190595377707775754e-08
2.381263084800000070e+04 5.412953707235965791e-07 1.190293409627348644e-08
2.385397222100000363e+04 5.703154446912196264e-07 1.188560248488670913e-08
2.389531359400000292e+04 5.646680510139025741e-07 1.186584656181061720e-08
2.393665496700000222e+04 5.248828145682070281e-07 1.185370656428790534e-08
2.397799634000000151e+04 4.677931094621070668e-07 1.185196757288053334e-08
2.401933771300000080e+04 4.184654271483491874e-07 1.185964308075429346e-08
2.406067908600000374e+04 3.982043755679856129e-07 1.187451500414752962e-08
2.410202045900000303e+04 4.143791814912328692e-07 1.189079385856565711e-08
2.414336183200000232e+04 4.569181544367146946e-07 1.189955732482084982e-08
2.418470320500000162e+04 5.031345853022948243e-07 1.189542735291975868e-08
2.422604457800000091e+04 5.285834845670010205e-07 1.188172680873961718e-08
2.426738595100000384e+04 5.187587557014413290e-07 1.186727993841178400e-08
2.430872732400000314e+04 4.760187028079773698e-07 1.185903367147542402e-08
2.435006869700000243e+04 4.184189068276610516e-07 1.185897515870470286e-08
2.439141007000000172e+04 3.710369019444449132e-07 1.186606025453781890e-08
2.443275144300000102e+04 3.539745024367987559e-07 1.187750937849604998e-08
2.447409281600000395e+04 3.727802053661986898e-07 1.188828639222889849e-08
2.451543418900000324e+04 4.158445871067316700e-07 1.189271428654676192e-08
2.455677556200000254e+04 4.599902901130578531e-07 1.188858218187731546e-08
2.459811693500000183e+04 4.815760307673828924e-07 1.187907228125589864e-08
2.463945830800000113e+04 4.677959116108799335e-07 1.186999158674639148e-08
2.468079968100000406e+04 4.227582637854221602e-07 1.186553919549144267e-08
2.472214105400000335e+04 3.654481870664723080e-07 1.186672056245376900e-08
2.476348242700000264e+04 3.205925990605054084e-07 1.187222297862022367e-08
2.480482380000000194e+04 3.068376216912101319e-07 1.187933294942843916e-08
2.484616517300000123e+04 3.278907021095200485e-07 1.188466686753794363e-08
2.488750654600000416e+04 3.708270915374887024e-07 1.188573878765214806e-08
2.492884791900000346e+04 4.123348024356580449e-07 1.188259086164786674e-08
2.497018929200000275e+04 4.298900254016842836e-07 1.187768688943410109e-08
2.501153066500000205e+04 4.125030864041644630e-07 1.187401393014334209e-08
2.505287203800000134e+04 3.658936002645616740e-07 1.187319904442116268e-08
2.509421341100000427e+04 3.096522424593229949e-07 1.187498310796875861e-08
2.513555478400000356e+04 2.678064136461283511e-07 1.187782036944115516e-08
2.517689615700000286e+04 2.573439195863230108e-07 1.187989524064728391e-08
2.521823753000000215e+04 2.801739735582755635e-07 1.188015688657271615e-08
2.525957890300000145e+04 3.223239466484140022e-07 1.187892225584277956e-08
2.530092027600000438e+04 3.607078726194381741e-07 1.187759201945375064e-08
2.534226164900000367e+04 3.741949528012561712e-07 1.187760235186675343e-08
2.538360302200000297e+04 3.536656151094901704e-07 1.187936931388313665e-08
2.542494439500000226e+04 3.062568683215560059e-07 1.188192908500411615e-08
2.546628576800000155e+04 2.518200827320562391e-07 1.188347735022780759e-08
2.550762714100000449e+04 2.133575446513399979e-07 1.188256201260227094e-08
2.554896851400000378e+04 2.060520532011770266e-07 1.187919039068393742e-08
2.559030988700000307e+04 2.301185517423224265e-07 1.187501921289551575e-08
2.563165126000000237e+04 2.708403322586472761e-07 1.187251720336075521e-08
2.567299263300000166e+04 3.057115854468034027e-07 1.187367614156387393e-08
2.571433400600000095e+04 3.152237513103529125e-07 1.187883798866622569e-08
2.575567537900000389e+04 2.921181276257768570e-07 1.188605255559613896e-08
2.579701675200000318e+04 2.447066804081329253e-07 1.189156562898680124e-08
2.583835812500000247e+04 1.927464745496278704e-07 1.189186064591213392e-08
2.587969949800000177e+04 1.579221105804631074e-07 1.188619533816891834e-08
2.592104087100000106e+04 1.535245003539344700e-07 1.187728982302067217e-08
2.596238224400000399e+04 1.782355950670177715e-07 1.186953134200934933e-08
2.600372361700000329e+04 2.169250396993138699e-07 1.186672399898672627e-08
2.604506499000000258e+04 2.480039750267713403e-07 1.187089501652712208e-08
2.608640636300000187e+04 2.537624387988618859e-07 1.188140906828308491e-08
2.612774773600000117e+04 2.287312500737021818e-07 1.189402437548713782e-08
2.616908910900000410e+04 1.821143605894154676e-07 1.190187315728749733e-08
2.621043048200000339e+04 1.332204355089359488e-07 1.189976988267301309e-08
2.625177185500000269e+04 1.021654361074992099e-07 1.188853833284429795e-08
2.629311322800000198e+04 1.003233179773050557e-07 1.187434288076866231e-08
2.633445460100000128e+04 1.250560621885807600e-07 1.186396657660116862e-08
2.637579597400000421e+04 1.611663032273816166e-07 1.186169200945421948e-08
2.641713734700000350e+04 1.882913955944930438e-07 1.186927700255617096e-08
2.645847872000000280e+04 1.906386126299089017e-07 1.188532036365328331e-08
2.649982009300000209e+04 1.643977264405818312e-07 1.190318842237108770e-08
2.654116146600000138e+04 1.193503412839468707e-07 1.191253836433571808e-08
2.658250283900000431e+04 7.401438934353930360e-08 1.190683849491592642e-08
2.662384421200000361e+04 4.673508000419917936e-08 1.188948695213977595e-08
2.666518558500000290e+04 4.700625164292589432e-08 1.187055167247998913e-08
2.670652695800000220e+04 7.112759879889304494e-08 1.185856847051673718e-08
2.674786833100000149e+04 1.041867490683854643e-07 1.185751261580139088e-08
2.678920970400000442e+04 1.273197698691876899e-07 1.186882801632601250e-08
2.683055107700000372e+04 1.267090605326014323e-07 1.189055700593004934e-08
2.687189245000000301e+04 1.000182522723536936e-07 1.191337896734163448e-08
2.691323382300000230e+04 5.727093697881503784e-08 1.192318597110865083e-08
2.695457519600000160e+04 1.587412235195642329e-08 1.191273007472439510e-08
2.699591656900000453e+04 -7.745353719443088208e-09 1.188902746690123826e-08
2.703725794200000382e+04 -5.876824642562122432e-09 1.186616114102542728e-08
2.707859931500000312e+04 1.701107601985383388e-08 1.185354570199230809e-08
2.711994068800000241e+04 4.663745014341687288e-08 1.185423975794027144e-08
2.716128206100000170e+04 6.586480678335975895e-08 1.186955173735899606e-08
2.720262343400000464e+04 6.284668584074362411e-08 1.189708037296394719e-08
2.724396480700000393e+04 3.648727748271244321e-08 1.192436123143319491e-08
2.728530618000000322e+04 -3.294259737466085052e-09 1.193340409645046524e-08
2.732664755300000252e+04 -4.049031063248512669e-08 1.191716857090977103e-08
2.736798892600000181e+04 -6.068160498992058272e-08 1.188723694933865695e-08
2.740933029900000111e+04 -5.778721406572664183e-08 1.186143261174595648e-08
2.745067167200000404e+04 -3.672328056713601910e-08 1.184905717227376858e-08
2.749201304500000333e+04 -1.080887847795422090e-08 1.185189448135157239e-08
2.753335441800000262e+04 4.721338282600350144e-09 1.187144579010190953e-08
2.757469579100000192e+04 -7.301140512135017966e-11 1.190480924672739157e-08
2.761603716400000121e+04 -2.532095585701711099e-08 1.193582190371887957e-08
2.765737853700000414e+04 -6.155416215721204323e-08 1.194276286289141577e-08
2.769871991000000344e+04 -9.441264117207174667e-08 1.191995438173435543e-08
2.774006128300000273e+04 -1.115133620593233987e-07 1.188426703844849289e-08
2.778140265600000203e+04 -1.082005132802455333e-07 1.185661647256931288e-08
2.782274402900000132e+04 -8.950020298863282702e-08 1.184520539476283382e-08
2.786408540200000425e+04 -6.746548819049810588e-08 1.185047217634585242e-08
2.790542677500000354e+04 -5.530803216801862500e-08 1.187449673527214317e-08
2.794676814800000284e+04 -6.118561852514930346e-08 1.191360561587564738e-08
2.798810952100000213e+04 -8.456585691470690739e-08 1.194738159126940336e-08
2.802945089400000143e+04 -1.167669414872390802e-07 1.195085185882770346e-08
2.807079226700000436e+04 -1.452773177728343662e-07 1.192098639819653977e-08
2.811213364000000365e+04 -1.597180965264024212e-07 1.188033464918834670e-08
2.815347501300000295e+04 -1.566095833720768710e-07 1.185194045551144244e-08
2.819481638600000224e+04 -1.407441495567806345e-07 1.184205022382459221e-08
2.823615775900000153e+04 -1.226399174976191593e-07 1.184996298313641114e-08
2.827749913200000447e+04 -1.134247884992619285e-07 1.187868040790146485e-08
2.831884050500000376e+04 -1.196514202917471103e-07 1.192326935385763218e-08
2.836018187800000305e+04 -1.404531939862621408e-07 1.195861082804170212e-08
2.840152325100000235e+04 -1.682496161748128545e-07 1.195730747954717143e-08
2.844286462400000164e+04 -1.925252818370144785e-07 1.192026495629142435e-08
2.848420599700000457e+04 -2.048141882987701634e-07 1.187569899921486161e-08
2.852554737000000387e+04 -2.025274745176473210e-07 1.184759413546947581e-08
2.856688874300000316e+04 -1.898845505182576297e-07 1.183961239499223302e-08
2.860823011600000245e+04 -1.756429253306048729e-07 1.185035572945260890e-08
2.864957148900000175e+04 -1.688466389428010468e-07 1.188394931226045892e-08
2.869091286200000468e+04 -1.746686512072531781e-07 1.193353241581732884e-08
2.873225423500000397e+04 -1.922468091058789161e-07 1.196905517652672078e-08
2.877359560800000327e+04 -2.153863248720770161e-07 1.196184399733703404e-08
2.881493698100000256e+04 -2.356585663724839231e-07 1.191789239949509560e-08
2.885627835400000185e+04 -2.463633914019026374e-07 1.187063788982100946e-08
2.889761972700000479e+04 -2.454903219055846387e-07 1.184371713480281780e-08
2.893896110000000408e+04 -2.363614861725897103e-07 1.183788464422481884e-08
2.898030247300000337e+04 -2.257978925768212314e-07 1.185163780229011855e-08
2.902164384600000267e+04 -2.208197168391241115e-07 1.189021492264571861e-08
2.906298521900000196e+04 -2.254861635231291039e-07 1.194405592380453971e-08
2.910432659200000489e+04 -2.392791677399533764e-07 1.197825916288409955e-08
2.914566796500000419e+04 -2.576352060094210677e-07 1.196427086055172925e-08
2.918700933800000348e+04 -2.742437298676918957e-07 1.191405836132583760e-08
2.922835071100000278e+04 -2.839727074542687926e-07 1.186542388613699738e-08
2.926969208400000207e+04 -2.850602946422990428e-07 1.184040137025592625e-08
2.931103345700000136e+04 -2.796317702931644409e-07 1.183684874027615703e-08
2.935237483000000429e+04 -2.724505453420302095e-07 1.185380139571659511e-08
2.939371620300000359e+04 -2.686306030732659223e-07 1.189734709061717490e-08
2.943505757600000288e+04 -2.714152396775777251e-07 1.195445202524899753e-08
2.947639894900000218e+04 -2.809605564367767755e-07 1.198580686025865862e-08
2.951774032200000147e+04 -2.945338291536548444e-07 1.196451354689202557e-08
2.955908169500000440e+04 -3.079141858505534772e-07 1.190902529713380339e-08
2.960042306800000370e+04 -3.172957704155500996e-07 1.186030561618739334e-08
2.964176444100000299e+04 -3.208286191957446701e-07 1.183769397682446876e-08
2.968310581400000228e+04 -3.191753845302630209e-07 1.183648376322552819e-08
2.972444718700000158e+04 -3.149788241835171536e-07 1.185683041738291480e-08
2.976578856000000451e+04 -3.116179269487941896e-07 1.190515608377279081e-08
2.980712993300000380e+04 -3.118403440967628161e-07 1.196428929415958709e-08
2.984847130600000310e+04 -3.167867791531646090e-07 1.199134355277789663e-08
2.988981267900000239e+04 -3.257031145644562758e-07 1.196261340197347443e-08
2.993115405200000168e+04 -3.363714448133192732e-07 1.190310353787184629e-08
2.997249542500000462e+04 -3.460337815753477513e-07 1.185549402691396360e-08
3.001383679800000391e+04 -3.524186987644246467e-07 1.183560872224580686e-08
3.005517817100000320e+04 -3.545021521059235636e-07 1.183677548310464734e-08
3.009651954400000250e+04 -3.528027013257031074e-07 1.186069390732645234e-08
3.013786091700000179e+04 -3.491833186697326720e-07 1.191339339441097903e-08
3.017920229000000472e+04 -3.462286006562496296e-07 1.197312653057269771e-08
3.022054366300000402e+04 -3.463452687571962770e-07 1.199460850019300620e-08
3.026188503600000331e+04 -3.508498008114494745e-07 1.195872511294878934e-08
3.030322640900000260e+04 -3.593854034142438893e-07 1.189662509853649270e-08
3.034456778200000190e+04 -3.699361132357435341e-07 1.185115151707632156e-08
3.038590915500000483e+04 -3.794893458242609678e-07 1.183413723563050811e-08
3.042725052800000412e+04 -3.851585724569451556e-07 1.183772001430036454e-08
3.046859190100000342e+04 -3.853937651112649619e-07 1.186533279393527478e-08
3.050993327400000271e+04 -3.808014813769950890e-07 1.192175357702887346e-08
3.055127464700000201e+04 -3.741378260847192715e-07 1.198053667717690843e-08
3.059261602000000494e+04 -3.693195167704073480e-07 1.199545267568050246e-08
3.063395739300000423e+04 -3.697674459347901179e-07 1.195310055386424638e-08
3.067529876600000352e+04 -3.767937221969076611e-07 1.188991935347016911e-08
3.071664013900000282e+04 -3.888006304528091458e-07 1.184739238332356520e-08
3.075798151200000211e+04 -4.017381026175083994e-07 1.183326189192230992e-08
3.079932288500000504e+04 -4.107346859081017733e-07 1.183932110373161436e-08
3.084066425800000434e+04 -4.122843660927792165e-07 1.187064854738567469e-08
3.088200563100000363e+04 -4.060291924407456770e-07 1.192988366450751553e-08
3.092334700400000293e+04 -3.952229883070230804e-07 1.198613791437143253e-08
3.096468837700000222e+04 -3.854918186942728019e-07 1.199385045529135117e-08
3.100602975000000151e+04 -3.823360615649085331e-07 1.194606833803286972e-08
3.104737112300000445e+04 -3.885004342722169645e-07 1.188328988998848683e-08
3.108871249600000374e+04 -4.024738199230002219e-07 1.184428507565406942e-08
3.113005386900000303e+04 -4.189046439663172951e-07 1.183296683688200008e-08
3.117139524200000233e+04 -4.308708400082409649e-07 1.184158214250934626e-08
3.121273661500000162e+04 -4.330761252739784545e-07 1.187649432530266780e-08
3.125407798800000455e+04 -4.245130192517082550e-07 1.193740394991101705e-08
3.129541936100000385e+04 -4.092409604705259738e-07 1.198962506876348104e-08
3.133676073400000314e+04 -3.947443090761435107e-07 1.198990306335115982e-08
3.137810210700000243e+04 -3.885204514199159838e-07 1.193800937164402901e-08
3.141944348000000173e+04 -3.944738853624956069e-07 1.187700145734852934e-08
3.146078485300000466e+04 -4.108507673197146300e-07 1.184186556703461715e-08
3.150212622600000395e+04 -4.307741968599569358e-07 1.183324903424793504e-08
3.154346759900000325e+04 -4.452641992248576442e-07 1.184450157408555088e-08
3.158480897200000254e+04 -4.474476025896001360e-07 1.188267396664142377e-08
3.162615034500000183e+04 -4.359956006652141622e-07 1.194393053665335758e-08
3.166749171800000477e+04 -4.160535089582998733e-07 1.199079356366033609e-08
3.170883309100000406e+04 -3.970583319965726078e-07 1.198382879253691677e-08
3.175017446400000335e+04 -3.883673679875272389e-07 1.192932524266846407e-08
3.179151583700000265e+04 -3.947441023645468905e-07 1.187126708557298908e-08
3.183285721000000194e+04 -4.138750315712499502e-07 1.184014371498671106e-08
3.187419858300000487e+04 -4.371809225239938087e-07 1.183411419869969553e-08
3.191553995600000417e+04 -4.536748571226691660e-07 1.184805091417362494e-08
3.195688132900000346e+04 -4.551609570648585152e-07 1.188893793362330190e-08
3.199822270200000276e+04 -4.403203579944745822e-07 1.194909749222636800e-08
3.203956407500000205e+04 -4.156284831613394208e-07 1.198955162960008531e-08
3.208090544800000498e+04 -3.925122269290274707e-07 1.197594316563586102e-08
3.212224682100000427e+04 -3.820016211012447463e-07 1.192040986984311427e-08
3.216358819400000357e+04 -3.893997343304632016e-07 1.186624517359187075e-08
3.220492956700000286e+04 -4.115384622216469467e-07 1.183912024706176889e-08
3.224627094000000216e+04 -4.380111952363162463e-07 1.183558084765414602e-08
3.228761231300000509e+04 -4.559313971922170997e-07 1.185217090982456548e-08
3.232895368600000438e+04 -4.560674271073854248e-07 1.189499897380680112e-08
3.237029505900000368e+04 -4.374345272135571004e-07 1.195259208250698647e-08
3.241163643200000297e+04 -4.080392032211250054e-07 1.198593636103517269e-08
3.245297780500000226e+04 -3.812776106081581643e-07 1.196663931449859485e-08
3.249431917800000519e+04 -3.696212690309610605e-07 1.191163070928181595e-08
3.253566055100000449e+04 -3.785846435927609624e-07 1.186204522794233823e-08
3.257700192400000378e+04 -4.038809542393457364e-07 1.183879413304715410e-08
3.261834329700000308e+04 -4.332066712720292833e-07 1.183766705757939848e-08
3.265968467000000237e+04 -4.519357360426730431e-07 1.185675529319709258e-08
3.270102604300000166e+04 -4.501114781404917035e-07 1.190054218801953437e-08
3.274236741600000460e+04 -4.273904451001853534e-07 1.195417299849185909e-08
3.278370878900000389e+04 -3.934620841507704551e-07 1.198010230641390711e-08
3.282505016200000682e+04 -3.636142957083509170e-07 1.195635152421887809e-08
3.286639153500000248e+04 -3.514920543708093910e-07 1.190330423837955267e-08
3.290773290800000541e+04 -3.624942727074479500e-07 1.185873437095904052e-08
3.294907428100000106e+04 -3.909901636814322272e-07 1.183917104189354572e-08
3.299041565400000400e+04 -4.227670735525792972e-07 1.184038370821330497e-08
3.303175702700000693e+04 -4.416671178388388906e-07 1.186165228013360053e-08
3.307309840000000258e+04 -4.373335053301738877e-07 1.190525138570205122e-08
3.311443977300000552e+04 -4.103450555528603903e-07 1.195369896111023986e-08
3.315578114600000117e+04 -3.721725721727529943e-07 1.197231944198303137e-08
3.319712251900000410e+04 -3.398639844026156445e-07 1.194553280439795209e-08
3.323846389200000704e+04 -3.279412281432498065e-07 1.189569282792492509e-08
3.327980526500000269e+04 -3.413718626703161162e-07 1.185635264475695655e-08
3.332114663800000562e+04 -3.730011584791306288e-07 1.184026763755421628e-08
3.336248801100000128e+04 -4.067525686963088977e-07 1.184372117085957235e-08
3.340382938400000421e+04 -4.251851156888914449e-07 1.186666323481206796e-08
3.344517075700000714e+04 -4.178709956302264786e-07 1.190883184742271975e-08
3.348651213000000280e+04 -3.865576361814008830e-07 1.195113672649708600e-08
3.352785350300000573e+04 -3.445394972093966182e-07 1.196294396702189849e-08
3.356919487600000139e+04 -3.104429054882176366e-07 1.193461727924273576e-08
3.361053624900000432e+04 -2.993509203448756510e-07 1.188899264356733559e-08
3.365187762199999997e+04 -3.155045974366951275e-07 1.185491902640225347e-08
3.369321899500000291e+04 -3.500959732170516584e-07 1.184210362168517606e-08
3.373456036800000584e+04 -3.852856331414772847e-07 1.184763289752580193e-08
3.377590174100000149e+04 -4.026315116587804320e-07 1.187154873047806567e-08
3.381724311400000443e+04 -3.919580767757680215e-07 1.191103278974877759e-08
3.385858448700000008e+04 -3.563857914488018451e-07 1.194656778844404919e-08
3.389992586000000301e+04 -3.110179793415041126e-07 1.195239648287034758e-08
3.394126723300000594e+04 -2.758335761819138290e-07 1.192400091861420916e-08
3.398260860600000160e+04 -2.661512135998635887e-07 1.188334251180440791e-08
3.402394997900000453e+04 -2.852197560464725923e-07 1.185444487960222010e-08
3.406529135200000019e+04 -3.225030481604698904e-07 1.184469541764881823e-08
3.410663272500000312e+04 -3.585523140712286625e-07 1.185202964367466520e-08
3.414797409800000605e+04 -3.742309692372268279e-07 1.187604593294702037e-08
3.418931547100000171e+04 -3.599234414755142889e-07 1.191167378999193314e-08
3.423065684400000464e+04 -3.202797811194611391e-07 1.194018350599528296e-08
3.427199821700000030e+04 -2.721410504824672644e-07 1.194112847400922294e-08
3.431333959000000323e+04 -2.365758756046209423e-07 1.191402176844750690e-08
3.435468096300000616e+04 -2.288130420732356786e-07 1.187883269364739977e-08
3.439602233600000181e+04 -2.508808892166006474e-07 1.185494044509226396e-08
3.443736370900000475e+04 -2.904964703267449913e-07 1.184804465496097746e-08
3.447870508200000040e+04 -3.268027653322724560e-07 1.185677057004166183e-08
3.452004645500000333e+04 -3.402904006279086011e-07 1.187988296932166467e-08
3.456138782800000627e+04 -3.221866279354305715e-07 1.191065730172197152e-08
3.460272920100000192e+04 -2.787752903101736446e-07 1.193226630813515366e-08
3.464407057400000485e+04 -2.285101666966616691e-07 1.192958862459948569e-08
3.468541194700000051e+04 -1.932576163997825368e-07 1.190494696939793811e-08
3.472675332000000344e+04 -1.878410788351827572e-07 1.187551193795354444e-08
3.476809469300000637e+04 -2.128840875937846944e-07 1.185641454673574617e-08
3.480943606600000203e+04 -2.543949957882055604e-07 1.185212646959336327e-08
3.485077743900000496e+04 -2.903509837058685753e-07 1.186166728087831767e-08
3.489211881200000062e+04 -3.011969907127298488e-07 1.188280812601565543e-08
3.493346018500000355e+04 -2.792527190551469591e-07 1.190798590211766207e-08
3.497480155800000648e+04 -2.324847913814842270e-07 1.192317516939336266e-08
3.501614293100000214e+04 -1.807848233259955392e-07 1.191820015078218664e-08
3.505748430400000507e+04 -1.465048182610140519e-07 1.189697565335670416e-08
3.509882567700000072e+04 -1.437667006167370402e-07 1.187340605163573253e-08
3.514016705000000366e+04 -1.716543287066396268e-07 1.185887448848419355e-08
3.518150842300000659e+04 -2.145607543580214434e-07 1.185687642926909962e-08
3.522284979600000224e+04 -2.495736439554674158e-07 1.186649278766030998e-08
3.526419116900000517e+04 -2.574148340525841090e-07 1.188460828806490981e-08
3.530553254200000083e+04 -2.317055057538895794e-07 1.190376034627708915e-08
3.534687391500000376e+04 -1.820876547480681303e-07 1.191331087772036207e-08
3.538821528800000669e+04 -1.296714877838606642e-07 1.190733088409872322e-08
3.542955666100000235e+04 -9.697186730211274711e-08 1.189023887097357484e-08
3.547089803400000528e+04 -9.714115800424315880e-08 1.187252328003129596e-08
3.551223940700000094e+04 -1.276419278419259728e-07 1.186231583883287433e-08
3.555358078000000387e+04 -1.713976003120633909e-07 1.186218274811704754e-08
3.559492215300000680e+04 -2.049079887135103333e-07 1.187099406546295684e-08
3.563626352600000246e+04 -2.094802015098629146e-07 1.188513359593346905e-08
3.567760489900000539e+04 -1.801992504945821059e-07 1.189817596301723615e-08
3.571894627200000104e+04 -1.283192015557978608e-07 1.190309153672152540e-08
3.576028764500000398e+04 -7.591204177388504961e-08 1.189728482336104003e-08
3.580162901800000691e+04 -4.533171756368730830e-08 1.188481684138367867e-08
3.584297039100000256e+04 -4.852901047171743326e-08 1.187286585387479284e-08
3.588431176400000550e+04 -8.131905820275650045e-08 1.186671299370585118e-08
3.592565313700000115e+04 -1.253490148945729270e-07 1.186788039414499300e-08
3.596699451000000408e+04 -1.568487011969499083e-07 1.187490871239742185e-08
3.600833588300000702e+04 -1.579954508188529527e-07 1.188430712449112655e-08
3.604967725600000267e+04 -1.254491412644464216e-07 1.189150093314658093e-08
3.609101862900000560e+04 -7.195890739034055831e-08 1.189291367433445169e-08
3.613236000200000126e+04 -2.027199189360501395e-08 1.188828444162689485e-08
3.617370137500000419e+04 7.733662047412670635e-09 1.188074283633259952e-08
3.621504274800000712e+04 1.498084729044892224e-09 1.187442773088830050e-08
3.625638412100000278e+04 -3.317633399536014477e-08 1.187200637020320973e-08
3.629772549400000571e+04 -7.689552742927307555e-08 1.187375610073689318e-08
3.633906686700000137e+04 -1.059437568252781109e-07 1.187799153085820882e-08
3.638040824000000430e+04 -1.036216687480729628e-07 1.188214072023666297e-08
3.642174961300000723e+04 -6.822065268787056697e-08 1.188406024443655451e-08
3.646309098600000289e+04 -1.381798561368242141e-08 1.188313537321009794e-08
3.650443235900000582e+04 3.647135704750755755e-08 1.188048043422057984e-08
3.654577373200000147e+04 6.154248170781555891e-08 1.187802384272605399e-08
3.658711510500000441e+04 5.236718624553763421e-08 1.187719371434443012e-08
3.662845647800000734e+04 1.628057276648111111e-08 1.187809131547579144e-08
3.666979785100000299e+04 -2.655158499613350819e-08 1.187955455238703872e-08
3.671113922400000592e+04 -5.278923137935430121e-08 1.188003441390837088e-08
3.675248059700000158e+04 -4.707010646745735133e-08 1.187873207151174485e-08
3.679382197000000451e+04 -9.317951130486284524e-09 1.187620446200429627e-08
3.683516334300000744e+04 4.527341848713728246e-08 1.187404719017326420e-08
3.687650471600000310e+04 9.354054649321754217e-08 1.187395258536262292e-08
3.691784608900000603e+04 1.154218108946744065e-07 1.187664779760427944e-08
3.695918746200000169e+04 1.035094602201943194e-07 1.188113014833345766e-08
3.700052883500000462e+04 6.653433721722156984e-08 1.188480880566022039e-08
3.704187020800000755e+04 2.513816431546861256e-08 1.188499406294605236e-08
3.708321158100000321e+04 1.976895063892130025e-09 1.188088484256644001e-08
3.712455295400000614e+04 1.090744095097808857e-08 1.187425810229136528e-08
3.716589432700000179e+04 5.042841294279681702e-08 1.186828552331205978e-08
3.720723570000000473e+04 1.044791864913247219e-07 1.186587110732062166e-08
3.724857707300000038e+04 1.501692256462906073e-07 1.186873382272033511e-08
3.728991844600000331e+04 1.687156448472336866e-07 1.187659867536469742e-08
3.733125981900000625e+04 1.543651244546270071e-07 1.188618108641946734e-08
3.737260119200000190e+04 1.170594337439130373e-07 1.189194961443511434e-08
3.741394256500000483e+04 7.760321500958245313e-08 1.188978983594268681e-08
3.745528393800000049e+04 5.768191475160005359e-08 1.188046619679931980e-08
3.749662531100000342e+04 6.952919071104277482e-08 1.186896162945153702e-08
3.753796668400000635e+04 1.101743297845144580e-07 1.186062449679141492e-08
3.757930805700000201e+04 1.629701044998770658e-07 1.185874724571222841e-08
3.762064943000000494e+04 2.056128516813307158e-07 1.186481483375118540e-08
3.766199080300000060e+04 2.207922704472182648e-07 1.187785134753455872e-08
3.770333217600000353e+04 2.043879627281781424e-07 1.189224926198544747e-08
3.774467354900000646e+04 1.673256852344684816e-07 1.189925046318934273e-08
3.778601492200000212e+04 1.302521697736152531e-07 1.189366989285686477e-08
3.782735629500000505e+04 1.136264560354987282e-07 1.187877825770871912e-08
3.786869766800000070e+04 1.279946746004344827e-07 1.186312170419824518e-08
3.791003904100000364e+04 1.690752169259269323e-07 1.185348878044023640e-08
3.795138041400000657e+04 2.199364110274157568e-07 1.185274123456126255e-08
3.799272178700000222e+04 2.591586560168246627e-07 1.186216387228648974e-08
3.803406316000000515e+04 2.710508594420771106e-07 1.188037108266968474e-08
3.807540453300000081e+04 2.530494094517156626e-07 1.189919038475504049e-08
3.811674590600000374e+04 2.168019600764709007e-07 1.190641149282476705e-08
3.815808727900000667e+04 1.824783466230178383e-07 1.189640708452437902e-08
3.819942865200000233e+04 1.690933531525048154e-07 1.187590859299020737e-08
3.824077002500000526e+04 1.854966095228341516e-07 1.185704124919241097e-08
3.828211139800000092e+04 2.262991439206784614e-07 1.184708189381408342e-08
3.832345277100000385e+04 2.745998246713830705e-07 1.184786083975090044e-08
3.836479414400000678e+04 3.101347435541983429e-07 1.186074239985769523e-08
3.840613551700000244e+04 3.189272451144183451e-07 1.188410792058430225e-08
3.844747689000000537e+04 2.998422402341587010e-07 1.190680418319583989e-08
3.848881826300000102e+04 2.649600237833268472e-07 1.191310552762172067e-08
3.853015963600000396e+04 2.336659739550074704e-07 1.189782989604032820e-08
3.857150100900000689e+04 2.233571873782678904e-07 1.187201557122117256e-08
3.861284238200000254e+04 2.412331119326631666e-07 1.185101049178067492e-08
3.865418375500000548e+04 2.810397390253240486e-07 1.184153211205652387e-08
3.869552512800000113e+04 3.262248087897871681e-07 1.184407187743307009e-08
3.873686650100000406e+04 3.579181909247858770e-07 1.186051286802865343e-08
3.877820787400000700e+04 3.638988628245323878e-07 1.188898795857028606e-08
3.881954924700000265e+04 3.442839016242194209e-07 1.191483948154935555e-08
3.886089062000000558e+04 3.112786124778249569e-07 1.191900971556824935e-08
3.890223199300000124e+04 2.831969689887980535e-07 1.189784709969651170e-08
3.894357336600000417e+04 2.756943823631253700e-07 1.186732185639503474e-08
3.898491473900000710e+04 2.944200789400246483e-07 1.184528964042793051e-08
3.902625611200000276e+04 3.325286768207627914e-07 1.183689719537468630e-08
3.906759748500000569e+04 3.741289405521915204e-07 1.184131682426668167e-08
3.910893885800000135e+04 4.019420835385523857e-07 1.186144393412558468e-08
3.915028023100000428e+04 4.054888624273807053e-07 1.189490150196045611e-08
3.919162160400000721e+04 3.859195356833141424e-07 1.192299635818863638e-08
3.923296297700000287e+04 3.552477207869985830e-07 1.192382242814647080e-08
3.927430435000000580e+04 3.304582056329678784e-07 1.189645089468714226e-08
3.931564572300000145e+04 3.253936636848755606e-07 1.186208905626667900e-08
3.935698709600000439e+04 3.443034476271725653e-07 1.184008647530867353e-08
3.939832846900000732e+04 3.800474614822165647e-07 1.183317046484808362e-08
3.943966984200000297e+04 4.176921489895580327e-07 1.183953038455209733e-08
3.948101121500000590e+04 4.417013740136406707e-07 1.186350056841533007e-08
3.952235258800000156e+04 4.432693797328740772e-07 1.190168985608703605e-08
3.956369396100000449e+04 4.243247185893952691e-07 1.193093684091647987e-08
3.960503533400000742e+04 3.963731114607101179e-07 1.192728895831728136e-08
3.964637670700000308e+04 3.748492001823876949e-07 1.189372113385287207e-08
3.968771808000000601e+04 3.717667303543952992e-07 1.185659659494965739e-08
3.972905945300000167e+04 3.901711724369518146e-07 1.183554437365850578e-08
3.977040082600000460e+04 4.229383606956747049e-07 1.183029914730038287e-08
3.981174219900000753e+04 4.563647633400896157e-07 1.183865696980323657e-08
3.985308357200000319e+04 4.767575810807864046e-07 1.186664415660007365e-08
3.989442494500000612e+04 4.768640496623009577e-07 1.190914536572027817e-08
3.993576631800000177e+04 4.591079943801027682e-07 1.193830615052795125e-08
3.997710769100000471e+04 4.341810559883237632e-07 1.192922227657192749e-08
4.001844906400000764e+04 4.157901150263316469e-07 1.188981554375583940e-08
4.005979043700000329e+04 4.141589312523913445e-07 1.185111540106721033e-08
4.010113181000000623e+04 4.313646376413113605e-07 1.183174086893342037e-08
4.014247318300000188e+04 4.606142466998224228e-07 1.182820442431164461e-08
4.018381455600000481e+04 4.896742048513836990e-07 1.183865747041464231e-08
4.022515592900000775e+04 5.067422727798439443e-07 1.187081521749826293e-08
4.026649730200000340e+04 5.059497608887473914e-07 1.191700588339707427e-08
4.030783867500000633e+04 4.899132272030535742e-07 1.194475365262723363e-08
4.034918004800000199e+04 4.682232701963175111e-07 1.192952023963241604e-08
4.039052142100000492e+04 4.527299637791007754e-07 1.188495929224909314e-08
4.043186279400000785e+04 4.519597725316747975e-07 1.184588943571997014e-08
4.047320416700000351e+04 4.672893366501449802e-07 1.182868969191236887e-08
4.051454554000000644e+04 4.925672029784503052e-07 1.182679945930642913e-08
4.055588691300000210e+04 5.172302720814358790e-07 1.183951155116128824e-08
4.059722828600000503e+04 5.313593666546521685e-07 1.187592445273091347e-08
4.063856965900000068e+04 5.302577464008025053e-07 1.192496379377869780e-08
4.067991103200000362e+04 5.164218138019031115e-07 1.194995826852604511e-08
4.072125240500000655e+04 4.980820101039265050e-07 1.192817190590125327e-08
4.076259377800000220e+04 4.851548700841542161e-07 1.187942117535087169e-08
4.080393515100000513e+04 4.846130198884005434e-07 1.184111406675955014e-08
4.084527652400000079e+04 4.974245659369237423e-07 1.182635423762705465e-08
4.088661789700000372e+04 5.183757291922825460e-07 1.182600871960081119e-08
4.092795927000000665e+04 5.387289541471516703e-07 1.184121077333057141e-08
4.096930064300000231e+04 5.503862767695842096e-07 1.188183813182241386e-08
4.101064201600000524e+04 5.495740625218179640e-07 1.193267585779417727e-08
4.105198338900000090e+04 5.383548001593628380e-07 1.195365043176445031e-08
4.109332476200000383e+04 5.233752754287290397e-07 1.192525921157057840e-08
4.113466613500000676e+04 5.125962487958253778e-07 1.187349217862795542e-08
4.117600750800000242e+04 5.116262378246215053e-07 1.183692834091824000e-08
4.121734888100000535e+04 5.213319938728699936e-07 1.182466436415302195e-08
4.125869025400000100e+04 5.377104584987041828e-07 1.182578337596783391e-08
4.130003162700000394e+04 5.539547755504397723e-07 1.184375283451906983e-08
4.134137300000000687e+04 5.636739744398669959e-07 1.188837575312458557e-08
4.138271437300000252e+04 5.637395446071396420e-07 1.193978489281821176e-08
4.142405574600000546e+04 5.554749233057727542e-07 1.195563777111814023e-08
4.146539711900000111e+04 5.437620637268323140e-07 1.192095458956131991e-08
4.150673849200000404e+04 5.346387561739356900e-07 1.186746624285588446e-08
4.154807986500000698e+04 5.325795433074874703e-07 1.183341547057772419e-08
4.158942123800000263e+04 5.386629033457719016e-07 1.182353746521179305e-08
4.163076261100000556e+04 5.503382774976847828e-07 1.182610591908199975e-08
4.167210398400000122e+04 5.627816637491253733e-07 1.184712352311219539e-08
4.171344535700000415e+04 5.711460229546279409e-07 1.189530444046182030e-08
4.175478673000000708e+04 5.726492928202827024e-07 1.194594149858420704e-08
4.179612810300000274e+04 5.675885788385792861e-07 1.195581611230304662e-08
4.183746947600000567e+04 5.589475685762859906e-07 1.191549891175176790e-08
4.187881084900000133e+04 5.509278204660526722e-07 1.186161073972357933e-08
4.192015222200000426e+04 5.471333849471997778e-07 1.183060205646071889e-08
4.196149359500000719e+04 5.491639738448031740e-07 1.182289759453582669e-08
4.200283496800000285e+04 5.561248026995105475e-07 1.182699051673381837e-08
4.204417634100000578e+04 5.651723851668949188e-07 1.185128532973547344e-08
4.208551771400000143e+04 5.727966925806246856e-07 1.190234737567044555e-08
4.212685908700000437e+04 5.762517962408155351e-07 1.195082910083687093e-08
4.216820046000000730e+04 5.745477402516529863e-07 1.195418269793945277e-08
4.220954183300000295e+04 5.686882561056854842e-07 1.190918926413755320e-08
4.225088320600000588e+04 5.611766315938983764e-07 1.185615771541638285e-08
4.229222457900000154e+04 5.550352061339333785e-07 1.182847437537647672e-08
4.233356595200000447e+04 5.526815044311284935e-07 1.182269135268001665e-08
