B3LYP BASIS=6-311++g(2d,2p) ENERGY

 O                    -3.79500000   -1.02300000    5.78600000
 O                    -2.98800000   -2.17900000    3.17500000
 O                    -4.19200000   -0.05800000    1.69000000
 O                    -3.61100000    0.56000000   -0.68600000
 O                     0.33900000    1.25500000    5.76700000
 O                     1.48200000    2.64700000    1.30200000
 O                     1.30500000    1.20600000    3.31100000
 O                     0.01100000   -2.20100000    0.70300000
 O                    -4.05900000   -3.59100000    4.44400000
 O                    -5.54100000    1.57900000    2.09200000
 O                     1.27800000    3.78600000   -0.53400000
 O                    -0.71500000   -3.99500000   -0.26200000
 O                     0.17600000   -3.66700000    2.95500000
 O                     4.31400000   -5.49700000    3.88900000
 N                     2.68700000   -4.93800000    2.61000000
 C                    -2.03200000    0.00000000    2.92100000
 C                    -2.86100000   -1.00400000    3.85900000
 C                    -1.04100000    1.05200000    3.65900000
 C                    -2.44300000   -1.20500000    5.33800000
 C                    -2.95700000    0.51500000    1.70300000
 C                    -2.47000000    0.37900000    0.17900000
 C                    -0.50300000    0.37700000    5.00500000
 C                    -1.56200000   -0.12900000    5.99300000
 C                    -1.45000000    1.48400000   -0.29800000
 C                    -4.19700000   -0.54300000    4.49900000
 C                     0.18800000    1.44100000    2.85300000
 C                    -1.91600000   -1.05400000   -0.16700000
 C                    -0.20600000    1.19500000    0.47700000
 C                    -1.77200000    2.38300000    4.06800000
 C                     0.25600000    2.12100000    1.53900000
 C                    -0.34800000   -1.20600000   -0.13500000
 C                     0.42000000   -0.00700000    0.27900000
 C                    -2.06600000    2.94700000   -0.20700000
 C                    -1.11900000    1.40000000   -1.85100000
 C                     1.85900000   -0.21400000    0.52100000
 C                    -3.49500000   -3.30300000    3.39600000
 C                    -5.35900000    0.41600000    1.74400000
 C                    -3.40100000   -4.30300000    2.36100000
 C                     1.94400000    3.39000000    0.41400000
 C                    -0.10800000   -3.43800000    0.64600000
 C                    -6.45200000   -0.38000000    1.38700000
 C                     0.52900000   -4.22700000    1.68800000
 C                     3.32900000    3.78000000    0.53600000
 C                    -7.78300000   -0.01400000    1.72400000
 C                    -6.26700000   -1.57400000    0.64200000
 C                     2.08400000   -4.27600000    1.52700000
 C                    -8.88100000   -0.78200000    1.29300000
 C                    -7.36500000   -2.34300000    0.21000000
 C                    -8.67200000   -1.94100000    0.52800000
 C                     2.55000000   -4.96100000    0.27900000
 C                     2.11100000   -6.26500000   -0.06100000
 C                     3.47100000   -4.32000000   -0.58600000
 C                     3.78300000   -4.60800000    3.23900000
 C                     2.55200000   -6.89300000   -1.24100000
 C                     3.91900000   -4.95200000   -1.76000000
 C                     4.39500000   -3.36000000    3.21700000
 C                     3.45400000   -6.23500000   -2.09300000
 C                     5.72800000   -3.22300000    2.76400000
 C                     3.70100000   -2.20200000    3.64400000
 C                     6.35000000   -1.96100000    2.73800000
 C                     4.32300000   -0.94000000    3.61300000
 C                     5.64800000   -0.81900000    3.16100000
 H                    -1.30900000   -0.67500000    2.46600000
 H                    -2.06400000   -2.20700000    5.55400000
 H                    -3.11800000    1.56300000    1.89500000
 H                     0.11000000   -0.49300000    4.74000000
 H                    -2.16000000    0.70800000    6.36100000
 H                    -1.07100000   -0.57100000    6.86600000
 H                    -5.08600000   -1.06700000    4.14000000
 H                    -4.34500000    0.53800000    4.51200000
 H                    -2.39100000   -1.78400000    0.48900000
 H                    -2.23200000   -1.33600000   -1.17700000
 H                    -1.12900000    3.01300000    4.68500000
 H                    -2.67900000    2.18600000    4.63300000
 H                    -2.05800000    2.99100000    3.21400000
 H                    -0.36500000    3.00200000    1.65500000
 H                     0.00800000   -1.47400000   -1.13900000
 H                    -1.34300000    3.69700000   -0.53500000
 H                    -2.38600000    3.24100000    0.78600000
 H                    -2.94900000    3.04900000   -0.84300000
 H                    -0.74300000    0.43600000   -2.17600000
 H                    -2.00400000    1.59200000   -2.46300000
 H                    -0.35900000    2.13600000   -2.12400000
 H                    -4.19100000   -0.21500000   -0.53800000
 H                     0.68600000    0.71200000    6.50600000
 H                     2.45000000    0.63700000    0.19400000
 H                     2.24200000   -1.06100000   -0.05600000
 H                     2.05300000   -0.41800000    1.57100000
 H                    -3.88800000   -3.94200000    1.45400000
 H                    -3.87400000   -5.24400000    2.65500000
 H                    -2.35400000   -4.50500000    2.14600000
 H                     0.12300000   -5.24200000    1.68100000
 H                     3.96000000    2.88900000    0.54100000
 H                     3.64500000    4.42100000   -0.28900000
 H                     3.47700000    4.32100000    1.47400000
 H                    -7.97100000    0.82100000    2.28400000
 H                    -5.33000000   -1.89200000    0.38300000
 H                     2.40500000   -3.23300000    1.49700000
 H                    -9.83200000   -0.49500000    1.53400000
 H                    -7.21000000   -3.19100000   -0.33900000
 H                     0.55900000   -4.27900000    3.61800000
 H                    -9.47000000   -2.49100000    0.20400000
 H                     2.28800000   -5.74300000    2.87200000
 H                     1.46500000   -6.77300000    0.54500000
 H                     3.83000000   -3.38900000   -0.36700000
 H                     2.21700000   -7.83000000   -1.47700000
 H                     4.58400000   -4.47700000   -2.37300000
 H                     3.77100000   -6.68800000   -2.95300000
 H                     6.25400000   -4.03900000    2.44200000
 H                     2.73800000   -2.26700000    3.98000000
 H                     7.31700000   -1.87400000    2.41400000
 H                     3.81100000   -0.11000000    3.92100000
 H                     6.10200000    0.09600000    3.14500000
