B3LYP BASIS=6-31g OPTIMIZE

O -2.37174600  1.90861300  0.06193300
O -3.47550500 -0.49048300  0.37909800
N  4.36507700  0.14895900  0.30224300
C  2.11669300 -0.08224000 -0.68623000
C  0.63101000 -0.21763400 -0.43463000
C  2.93181000  0.08197300  0.60782500
C -0.18514000  0.91890400 -0.32146400
C  0.03631300 -1.46977900 -0.26788800
C -1.54801700  0.82244800 -0.04976600
C -1.33027100 -1.58006900  0.00534400
C -2.13317500 -0.44758200  0.11794600
H  2.30809500  0.78370600 -1.33638200
H  2.49841500 -0.96162700 -1.21711000
H  2.54421300  0.95349200  1.16670200
H  2.76421700 -0.79469600  1.24529500
H  0.25146900  1.90906200 -0.45398700
H  0.63797600 -2.37079700 -0.35493500
H -1.78288900 -2.56304600  0.12788500
H  4.89999500  0.19806600  1.16799900
H  4.56670300  1.01348400 -0.19982700
H -1.84204100  2.70822200 -0.08056800
H -3.73902700 -1.41975200  0.46415000
