<!--
 Git information:
    i-PI version: unknown
      Remote URL: https://github.com/i-pi/i-pi.git
          Branch: main                    
     Last Commit: f5d94d4a2cbc6262d4730c8559e1ad81151cec4f

 Simulation information:
           Machine Name: ockham.pl.ucsd.edu
      Working Directory: /home/rrashmi/tutorials/QDMS/final/timecorrs/trpmd
          Date and Time: 2025-07-15 14:13:15
-->
<simulation verbosity='low'>
   <prng>
      <seed>3241</seed>
      <state>[{"bit_generator": "MT19937", "state": {"key": [3712943678, 3555906352, 1705512077, 4132713791, 201594591, 2903039362, 3483910857, 3772882863, 309336853, 1358224870, 3078325597, 929756650, 1355524974, 262176490, 549714744, 3235093715, 25208928, 3602155934, 186051405, 749941167, 2956337546, 2879696929, 2245115376, 2840961646, 2594180881, 868054513, 2910524581, 880119, 3594020885, 761065961, 3468610457, 980953676, 1430404588, 3142713981, 2735601941, 1650992713, 3638407132, 3897135576, 148384638, 409869719, 1395416730, 164702613, 3891106249, 1953592788, 3084461886, 4018901757, 2745881536, 2250308708, 3182968301, 484930332, 2404712004, 2014938316, 416756461, 1444621955, 2379684046, 3644202588, 1038032171, 702818529, 1391953158, 3848816972, 3876757753, 3036599373, 73272705, 1180030641, 2440157192, 1412133400, 573790294, 3718412847, 493625016, 1479472835, 1321230773, 3434663328, 46875851, 2030325870, 797762460, 3545471719, 3761200849, 1346920191, 1153993720, 3785229322, 2592823265, 3624847251, 3939793274, 1682175862, 3982653988, 1466211902, 4208520181, 3506958513, 1035703140, 3374433069, 1836833398, 140790424, 4147565625, 1717469850, 3178044044, 143214551, 4074426443, 249442639, 1305393769, 3755006695, 1456040533, 3464170019, 2438200, 1042097140, 3254188948, 4245629964, 1087963132, 438073891, 2142777618, 1197766805, 2782698742, 2172963794, 2714138702, 1632159189, 1665818598, 4144046561, 1028751875, 775309313, 2101865952, 97254225, 2201763540, 1687810173, 3419164316, 3547624356, 1993253439, 1317245281, 640298902, 835719851, 3960125668, 3485819639, 1622578717, 4135873689, 2982351126, 3489126269, 3169944727, 1838947052, 2557984683, 220501228, 18778934, 3602793873, 3810299425, 3429238073, 3173880802, 1410370570, 1013263456, 1437317732, 2280141453, 3404747993, 1600700148, 764998769, 4152253902, 2949578337, 68369600, 3719254910, 508055409, 526635737, 986063546, 1603101226, 1031675483, 1293540112, 2804277230, 1816959158, 1426648267, 2384251835, 2087597720, 2546704021, 1598104651, 1085443634, 3808438377, 1918400106, 1117755337, 787374358, 279693457, 3455123928, 2242805202, 3006987385, 2474922706, 1276127948, 1549969262, 2986574659, 2176881297, 700675234, 615481582, 3940170457, 939195529, 3244833419, 1431002199, 3880356426, 2880723454, 3176563337, 549418414, 603072597, 1043510933, 577181338, 2699642869, 3133664279, 3432009337, 463183535, 2096336270, 707401723, 1174933837, 3149773344, 877621636, 4183886812, 3569174690, 843035606, 4130344979, 520727215, 196424966, 2150817340, 1291783916, 3869906077, 3553066302, 1327366420, 118633285, 1933253203, 436481131, 2278795985, 4225535949, 1523893712, 3511686931, 4054246797, 1998912664, 1306141434, 4012685997, 247197769, 2095591086, 4067958843, 467316838, 1057547533, 3001422453, 3901526809, 2077031839, 2938558002, 797653694, 3475350522, 2898117668, 2249066983, 804070313, 1545202695, 26392530, 1785569478, 245500455, 2088278447, 1716630930, 2416684579, 497577162, 2956376380, 2123640434, 1769643004, 2162935003, 3188813601, 3392511819, 3008028437, 1051219962, 3267456832, 527180840, 2864527511, 813986373, 4115273604, 342803988, 2213180285, 1699017089, 3355150880, 736216743, 4027688794, 2884400932, 735799535, 1945885423, 2343521751, 171796392, 2211759550, 2076103547, 1018806461, 2329153007, 1792632706, 2174083938, 3568302595, 3850335537, 250432907, 514429932, 356272563, 2864997800, 414451934, 3376407877, 681772634, 2306637934, 4133553950, 3948111690, 1430185416, 313593891, 1729270588, 2554115371, 606387025, 3941411289, 3627845028, 2579509601, 1682506876, 3550464104, 56649137, 2049222419, 448878227, 638203139, 1761175335, 805345604, 3498644032, 2197290083, 213518475, 2017799957, 408443540, 184600125, 3130729682, 2426825029, 897170232, 1620211318, 1592300652, 3244465420, 230286845, 1929551458, 3184008250, 994011572, 1532645331, 1682192507, 3288628491, 124166270, 4165882338, 2425201938, 1680995738, 4189275598, 3984323244, 2087129300, 174851613, 3291161195, 2054489819, 1720814896, 3496720474, 2920750751, 708206019, 1983704754, 3688787733, 1978407721, 3527094128, 4088798758, 1314520280, 3244643876, 903228917, 3494279791, 3867533880, 901482341, 1210595985, 396153354, 2231261055, 1772924090, 3553615410, 558063931, 3048216891, 3699206452, 2529633849, 3422917985, 3292857093, 4189471565, 2643638776, 1923358561, 2603801583, 3215149652, 3835010505, 827216295, 985423216, 3397317316, 2355856519, 1069015777, 2452836419, 1769530690, 1842677394, 2421224474, 917553605, 3386268966, 573141094, 3887309468, 3138957204, 1321433394, 157332944, 387489999, 1977750560, 3843172685, 314735137, 2314499208, 183978049, 2122458990, 2393220565, 2349589395, 3362035425, 2262209216, 1715549622, 4234041798, 1274014357, 2632559922, 2323147072, 4205374391, 1368500637, 912276501, 4044918928, 1953370878, 1274831711, 101322427, 1626833016, 953720411, 1808467684, 795655442, 53430174, 1506195100, 2190451595, 1971257557, 3068301086, 2065254613, 2636543394, 1283538947, 1198117051, 1095252318, 3941466596, 810070881, 408370102, 1341489346, 3364454227, 1255617181, 643127843, 2350650479, 2938947843, 638200657, 1623259027, 3682762774, 1641807577, 980376536, 2329008895, 3797005412, 3729791416, 4099155233, 178594024, 1137638066, 637806241, 356748592, 2668197548, 331031799, 1829166842, 2075157646, 1090944205, 575758549, 840252839, 2083413436, 689095419, 4228358971, 3945153549, 857587106, 3375979528, 3711083457, 4056261802, 144087255, 1894377841, 2419682992, 3068726903, 672734480, 3184854545, 2696388771, 1344945674, 3603658887, 3753688515, 2901541191, 1193458495, 841796819, 1473180892, 1494634238, 2403493602, 3556838424, 626325582, 3634596899, 2970037436, 4227193597, 2215991728, 1115623061, 2555712581, 2946333095, 2152392238, 3166197219, 701783028, 4263244206, 2028904237, 4076720890, 4190168127, 2555007614, 646472125, 408660829, 927501674, 1555925696, 2044638096, 407061374, 1029125208, 1198197359, 4015212672, 405011669, 3147297490, 721568655, 611050302, 3348618297, 4255780589, 994600339, 1501341974, 944531718, 3788789550, 2691639997, 2778385352, 3147832369, 223098894, 817376618, 873244252, 1930024399, 1349953647, 1722123796, 3591307703, 1815460820, 2281383586, 631932243, 3548990001, 2078016497, 1203619975, 1098079789, 26289944, 900786337, 677450113, 2263584164, 1695219127, 2389679842, 1645823645, 1815669001, 3824147965, 3203990560, 1189610981, 965264685, 1599687393, 984842188, 1435665894, 2780468074, 566134492, 3515847476, 2916055262, 2621709561, 2320111130, 1548775416, 1964993623, 3726680835, 219931931, 1765885619, 176416003, 1850739380, 2961021598, 1970820945, 3662548634, 1915394307, 1907158616, 2008702202, 51487623, 2388999915, 1980132914, 3237982470, 2310407479, 1042866717, 2199532483, 1273227266, 2815712787, 1545968707, 2924561966, 3596406146, 3996203916, 698714849, 390456563, 1767525051, 3226088602, 25985725, 516206486, 4285294064, 3334801324, 2008185780, 897899723, 1374421980, 3338609976, 2416700059, 35413250, 2605550259, 3834461408, 2153244625, 3885122026, 1002170444, 1859969337, 4124483627, 2140115746, 72080279, 2586235678, 1183592927, 1267835192, 2846702392, 3212952209, 2418029347, 3267689417, 83606619, 1617137400, 2007858583, 2619947261, 1603018543, 667873993, 669674382, 3877899892, 2750988962, 3851038969, 2762622881, 3866568154, 3709377989, 1446144650, 3993807296, 3831126249, 2154474154, 337363209, 794616131, 847556463, 587194281, 2991468077], "pos": 495}}]</state>
   </prng>
   <output prefix='simulation'>
      <properties shape='(7)' stride='200'>
       [ step, time{picosecond}, conserved, temperature{kelvin}, kinetic_md{electronvolt}, 
         kinetic_cv{electronvolt}, potential{electronvolt} ]
      </properties>
      <trajectory filename='xc' stride='4' flush='200'>x_centroid{angstrom}</trajectory>
      <trajectory filename='vc' stride='4' flush='200'>v_centroid</trajectory>
   </output>
   <step>40000</step>
   <total_steps>40000</total_steps>
   <ffsocket mode='unix' name='driver'>
      <address>oh-trpmd</address>
      <latency>  1.00000000e-10</latency>
   </ffsocket>
   <system>
      <forces>
         <force forcefield='driver'>
         </force>
      </forces>
      <ensemble>
         <temperature>  3.45182857e-04</temperature>
         <hamiltonian_weights shape='(1)'> [   1.00000000e+00 ] </hamiltonian_weights>
         <time>  4.13413730e+05</time>
      </ensemble>
      <motion mode='dynamics'>
         <fixcom>False</fixcom>
         <dynamics mode='nvt'>
            <thermostat mode='pile_g'>
               <ethermo>  2.14319464e-01</ethermo>
               <tau>  4.13413730e+04</tau>
               <pile_lambda>  5.00000000e-01</pile_lambda>
            </thermostat>
            <timestep>  1.03353433e+01</timestep>
            <nmts shape='(1)'> [ 1 ] </nmts>
         </dynamics>
      </motion>
      <beads natoms='2' nbeads='32'>
         <q shape='(32, 6)'>
          [  -6.05227839e+01,   2.82765886e+01,  -4.35767077e+00,  -6.15858386e+01,   2.96650140e+01, 
             -4.48288207e+00,  -6.04259696e+01,   2.82466587e+01,  -4.36093003e+00,  -6.16115806e+01, 
              2.96664511e+01,  -4.71840730e+00,  -6.03550984e+01,   2.81195590e+01,  -4.36371556e+00, 
             -6.14552690e+01,   2.96154915e+01,  -4.65447617e+00,  -6.04161876e+01,   2.81655302e+01, 
             -4.39791084e+00,  -6.13620491e+01,   2.95763838e+01,  -4.76687837e+00,  -6.03746006e+01, 
              2.82952698e+01,  -4.41859179e+00,  -6.09328827e+01,   2.98794555e+01,  -4.70017374e+00, 
             -6.03472786e+01,   2.82661307e+01,  -4.46043677e+00,  -6.11645289e+01,   2.98833131e+01, 
             -4.83539022e+00,  -6.04120515e+01,   2.81071134e+01,  -4.46611582e+00,  -6.11271846e+01, 
              2.99129095e+01,  -4.78468516e+00,  -6.03699583e+01,   2.81494337e+01,  -4.39918132e+00, 
             -6.12887126e+01,   2.96017364e+01,  -4.69827123e+00,  -6.03644351e+01,   2.81809777e+01, 
             -4.34499176e+00,  -6.12349457e+01,   2.97835786e+01,  -4.83787963e+00,  -6.03632560e+01, 
              2.82368310e+01,  -4.42606140e+00,  -6.10781504e+01,   2.97473179e+01,  -4.97166927e+00, 
             -6.03374631e+01,   2.81888147e+01,  -4.37240738e+00,  -6.09768839e+01,   2.98574782e+01, 
             -4.94020391e+00,  -6.03443001e+01,   2.81907252e+01,  -4.37050118e+00,  -6.10836338e+01, 
              2.97671381e+01,  -5.01545745e+00,  -6.03932753e+01,   2.81861129e+01,  -4.39145520e+00, 
             -6.10034364e+01,   2.98220935e+01,  -4.97406282e+00,  -6.03198581e+01,   2.82305271e+01, 
             -4.34556002e+00,  -6.09744179e+01,   3.00179626e+01,  -4.62609570e+00,  -6.03619109e+01, 
              2.82326438e+01,  -4.42933572e+00,  -6.08321230e+01,   2.99377906e+01,  -4.44160657e+00, 
             -6.04028075e+01,   2.81552978e+01,  -4.41854888e+00,  -6.11283638e+01,   2.96153289e+01, 
             -4.58204754e+00,  -6.03326486e+01,   2.81767801e+01,  -4.54884899e+00,  -6.10870199e+01, 
              2.97636906e+01,  -4.51362614e+00,  -6.03836375e+01,   2.81813232e+01,  -4.61327448e+00, 
             -6.14109301e+01,   2.96429089e+01,  -4.72733187e+00,  -6.02955571e+01,   2.81177117e+01, 
             -4.63371838e+00,  -6.16116238e+01,   2.93121721e+01,  -4.30949024e+00,  -6.03085363e+01, 
              2.82071333e+01,  -4.57094052e+00,  -6.17705845e+01,   2.93330548e+01,  -3.94355262e+00, 
             -6.04404000e+01,   2.82074760e+01,  -4.64366330e+00,  -6.16231387e+01,   2.94970994e+01, 
             -3.88510590e+00,  -6.05324529e+01,   2.81931459e+01,  -4.68506910e+00,  -6.17558082e+01, 
              2.93446405e+01,  -3.96568627e+00,  -6.05661103e+01,   2.81579538e+01,  -4.66983960e+00, 
             -6.18211530e+01,   2.91730182e+01,  -3.99004363e+00,  -6.05754739e+01,   2.81852728e+01, 
             -4.65395442e+00,  -6.16997757e+01,   2.94247361e+01,  -4.01930022e+00,  -6.05211851e+01, 
              2.80731632e+01,  -4.60095889e+00,  -6.16982447e+01,   2.93875440e+01,  -3.81001958e+00, 
             -6.04227873e+01,   2.80998035e+01,  -4.47113560e+00,  -6.20893357e+01,   2.91204120e+01, 
             -3.78774265e+00,  -6.03527068e+01,   2.81581209e+01,  -4.49710282e+00,  -6.18701647e+01, 
              2.92956393e+01,  -3.81583384e+00,  -6.03344180e+01,   2.82026746e+01,  -4.52880394e+00, 
             -6.18050628e+01,   2.89970838e+01,  -3.83871889e+00,  -6.03292349e+01,   2.82117853e+01, 
             -4.45791502e+00,  -6.20736061e+01,   2.92905065e+01,  -3.96207130e+00,  -6.04023770e+01, 
              2.82442195e+01,  -4.45989771e+00,  -6.18660507e+01,   2.94365926e+01,  -4.04737773e+00, 
             -6.04701528e+01,   2.82637180e+01,  -4.43877211e+00,  -6.17786033e+01,   2.95835609e+01, 
             -4.10253335e+00,  -6.05287215e+01,   2.82733376e+01,  -4.44198350e+00,  -6.18923691e+01, 
              2.96217839e+01,  -4.01053805e+00 ]
         </q>
         <p shape='(32, 6)'>
          [   3.15288609e+01,  -5.88736229e+00,   6.83848453e+00,  -6.83985274e+00,   3.62369459e+00, 
              2.34040858e-01,   1.09989788e+01,   1.06388107e+01,  -2.66330041e+01,   1.77719502e+00, 
             -2.86146611e+00,   1.31518372e+00,  -1.68108064e+01,   2.48859978e+01,   1.66199026e+01, 
             -3.95462796e+00,   4.56412649e+00,  -2.85679120e+00,  -2.73142461e+01,  -8.39251069e+00, 
              3.89627610e+00,  -6.60441566e+00,   1.59584810e+00,  -3.03698706e-01,   1.19619479e+00, 
              3.35541721e-01,   1.10326393e+01,   1.06492428e+00,   5.75886291e+00,  -3.41415431e+00, 
             -2.00396585e+01,   9.94246127e+00,  -2.02449918e+00,  -3.53144514e+00,  -4.00298713e+00, 
             -3.00299117e-01,   9.78777187e+00,  -2.47269263e+01,  -1.61726347e+01,   2.47511663e+00, 
              3.51817819e-01,   2.42034871e+00,   5.18960428e+00,  -1.80813100e+01,   1.74622501e+01, 
             -3.82728347e+00,   4.19334498e+00,  -2.66842531e+00,   2.20312918e+01,  -3.53609585e+00, 
             -2.93882661e+01,   1.35329480e+00,   1.21382472e+01,   1.73192729e+00,  -1.41200159e+01, 
              2.64592997e+01,  -2.64822512e+01,  -1.50798623e+00,  -5.88354721e+00,  -4.96176252e+00, 
             -1.84880586e+01,  -8.13042723e-01,  -1.08082046e+01,  -3.20516043e-01,  -6.93914833e+00, 
              8.27313826e+00,  -4.33040633e+00,   1.47028868e+01,   1.63964674e+01,   2.96696002e+00, 
              2.97549836e+00,   7.01662091e+00,  -5.95543521e+00,  -4.68154787e+00,  -7.66925668e+00, 
             -2.51671790e+00,  -7.45452034e-01,  -2.02316093e+00,  -6.36135229e+01,  -2.11188444e+01, 
             -1.85642769e+01,  -3.95378180e+00,   6.02026398e+00,   7.43358061e-01,   2.03017658e+00, 
             -2.03057688e+01,   1.18814340e+01,   3.95642200e+00,   1.00866346e+00,  -2.66458795e+00, 
              9.18529640e+00,  -5.02406392e+00,   1.90083522e+01,  -6.62740090e+00,   1.38903614e+00, 
              6.18672791e+00,   2.19754285e+00,   3.38854682e+00,  -5.72978003e+00,   1.52871202e+00, 
             -4.40101862e+00,   6.65554062e+00,  -3.00921011e+01,  -1.45814091e+01,  -6.29285402e+00, 
             -4.09558680e-01,   7.95412062e+00,   3.63440784e+00,   2.18734515e+01,  -7.70675804e+00, 
              1.14389778e+00,   4.39083499e-01,   6.31478282e+00,   3.07037180e+00,  -3.61391499e+01, 
             -1.02677764e+01,  -2.96729151e+01,  -6.78542749e+00,   3.26574310e+00,  -4.54482222e+00, 
             -2.28712003e+00,   1.84921941e+01,   1.27768921e+01,  -3.95048456e+00,   4.82922636e-01, 
             -4.98443642e-01,   6.22651668e+00,   1.52893314e+01,  -5.24806538e+00,  -5.29513287e+00, 
              5.49314026e+00,   3.74327294e+00,  -1.39817442e+01,   5.61772219e+00,   2.37702719e+01, 
              1.00625515e+01,   3.39793738e+00,  -8.93189544e-01,   1.68071109e+01,   2.13803222e+01, 
              2.64196768e+01,   3.65329464e+00,  -2.52655337e+00,  -1.17264498e+00,   7.84314322e+00, 
              6.39086864e+00,   8.14359515e-01,  -2.79265039e+00,   4.20522757e+00,  -1.04470068e+00, 
             -6.50465981e+00,  -1.67579858e+01,  -1.57334044e+01,   6.87738911e+00,  -1.91572781e+00, 
             -1.14077083e+01,  -1.95931229e+01,   3.10154035e+01,   1.37277574e+01,  -1.40007161e+00, 
              3.48450888e+00,   3.62340043e+00,  -1.76513620e+01,  -1.58622039e+01,   1.30361284e+01, 
             -4.81708692e+00,  -2.72303117e+00,   1.15428724e+00,   1.35953711e+01,   2.30020571e+00, 
             -3.61800094e+01,   3.08058782e+00,  -1.57435156e-01,  -7.05808986e+00,   2.07152015e+01, 
             -4.28690548e+00,  -3.08898205e+00,  -7.08167144e+00,   4.02560208e-01,  -5.07453884e-01, 
             -5.42191168e+00,  -6.59358675e+00,   9.87706724e+00,   4.70162782e+00,   1.21241258e+00, 
             -2.69703295e+00,   8.19352294e+00,   2.43132001e-01,   1.69630047e+01,   2.76778489e-01, 
              4.80607802e+00,  -5.34147871e-01 ]
         </p>
         <m shape='(2)'> [   2.91651223e+04,   1.83736223e+03 ] </m>
         <names shape='(2)'> [ O, H ] </names>
      </beads>
      <cell shape='(3, 3)'>
       [   1.88972610e+02,   1.15712351e-14,   1.15712351e-14,   0.00000000e+00,   1.88972610e+02, 
           1.15712351e-14,   0.00000000e+00,   0.00000000e+00,   1.88972610e+02 ]
      </cell>
   </system>
</simulation>
