0.000000000000000000e+00 1.674057088750915852e-06 2.827886299340105878e-07
4.134137300000000437e+01 1.543630885302524852e-06 2.669767643486374772e-07
8.268274600000000873e+01 1.218829072359710207e-06 2.268509929804998444e-07
1.240241190000000131e+02 8.510047817681515902e-07 1.807125282305575706e-07
1.653654920000000175e+02 5.963920373275582679e-07 1.490394977037434987e-07
2.067068650000000218e+02 5.521348128750524201e-07 1.446202688260399504e-07
2.480482380000000262e+02 7.220908716689765226e-07 1.674352618343593067e-07
2.893896110000000590e+02 1.019446017896774207e-06 2.061035136190893509e-07
3.307309840000000349e+02 1.305211721525313603e-06 2.429419279198814128e-07
3.720723570000000109e+02 1.449478923239762990e-06 2.610478649943304472e-07
4.134137300000000437e+02 1.389407473610538057e-06 2.517555376940667206e-07
4.547551030000000765e+02 1.155445634456966577e-06 2.189129313660700216e-07
4.960964760000000524e+02 8.535981282800548798e-07 1.769479457722907762e-07
5.374378490000000284e+02 6.145066741740539086e-07 1.440665599243862498e-07
5.787792220000001180e+02 5.350300974299818513e-07 1.339872691902759894e-07
6.201205950000000939e+02 6.385460018409004381e-07 1.498121846545145584e-07
6.614619680000000699e+02 8.684549752578687703e-07 1.832382253177992030e-07
7.028033410000000458e+02 1.115517229512889970e-06 2.185950211246109904e-07
7.441447140000000218e+02 1.266950089072303584e-06 2.393886684573968523e-07
7.854860870000001114e+02 1.256199702508836954e-06 2.358687647596476519e-07
8.268274600000000873e+02 1.090649112465361010e-06 2.094751210598878269e-07
8.681688330000000633e+02 8.451731138116883337e-07 1.717586876249348725e-07
9.095102060000001529e+02 6.264108006731380882e-07 1.387131795928381416e-07
9.508515790000001289e+02 5.245961614644422167e-07 1.238562035565201175e-07
9.921929520000001048e+02 5.749861309374888459e-07 1.325265568347252510e-07
1.033534325000000081e+03 7.452281295579806769e-07 1.591262837008956358e-07
1.074875698000000057e+03 9.520721828695995482e-07 1.901647850055083315e-07
1.116217071000000033e+03 1.099292806060484671e-06 2.109548138861507108e-07
1.157558444000000236e+03 1.120318390450832120e-06 2.120454675633653360e-07
1.198899817000000212e+03 1.006465454182529948e-06 1.929450678632193926e-07
1.240241190000000188e+03 8.085284142555637287e-07 1.619207625706313741e-07
1.281582563000000164e+03 6.122648991664255508e-07 1.319650698564748926e-07
1.322923936000000140e+03 4.993120571205137694e-07 1.142499908783963645e-07
1.364265309000000116e+03 5.113130442063966984e-07 1.142165939148679669e-07
1.405606682000000092e+03 6.332403780859010713e-07 1.306511772287967842e-07
1.446948055000000068e+03 8.023146776583909950e-07 1.544303908232983420e-07
1.488289428000000044e+03 9.372912693426216457e-07 1.725786303994238466e-07
1.529630801000000247e+03 9.751780068305507920e-07 1.757094775521591642e-07
1.570972174000000223e+03 8.986193572808916691e-07 1.626049201552288397e-07
1.612313547000000199e+03 7.416465599473257101e-07 1.396662284337774651e-07
1.653654920000000175e+03 5.721826400479892077e-07 1.164250108145378734e-07
1.694996293000000151e+03 4.605598277013523302e-07 1.005626625541289839e-07
1.736337666000000127e+03 4.486759593437188468e-07 9.591060108744083859e-08
1.777679039000000103e+03 5.329301049146269722e-07 1.033678802105135659e-07
1.819020412000000306e+03 6.673708464609331728e-07 1.192142434871725938e-07
1.860361785000000282e+03 7.854935693084759568e-07 1.349592954078785736e-07
1.901703158000000258e+03 8.305990376614789852e-07 1.424878610189382245e-07
1.943044531000000234e+03 7.809946737166098495e-07 1.385941989989750478e-07
1.984385904000000210e+03 6.584837917453804091e-07 1.260826633219269682e-07
2.025727277000000186e+03 5.161338889764567480e-07 1.109411212512570932e-07
2.067068650000000162e+03 4.130059375357565934e-07 9.780983137054252629e-08
2.108410023000000365e+03 3.880923631359227138e-07 8.840620187608463436e-08
2.149751396000000113e+03 4.445317409217294837e-07 8.505323386010647612e-08
2.191092769000000317e+03 5.493363579426342086e-07 9.043974927748343800e-08
2.232434142000000065e+03 6.490852628046174176e-07 1.016071485434302120e-07
2.273775515000000269e+03 6.948230812790457700e-07 1.113234259952907686e-07
2.315116888000000472e+03 6.642626998956655991e-07 1.148310850638999753e-07
2.356458261000000221e+03 5.701242863206907590e-07 1.118724766184669334e-07
2.397799634000000424e+03 4.524130118359494446e-07 1.044167989451227074e-07
2.439141007000000172e+03 3.593547129572090555e-07 9.413818230393799101e-08
2.480482380000000376e+03 3.262097832281966195e-07 8.250229046010399527e-08
2.521823753000000124e+03 3.607740331696427916e-07 7.250683680148315762e-08
2.563165126000000328e+03 4.406252635172269225e-07 6.834237632405260231e-08
2.604506499000000076e+03 5.238969403187559583e-07 7.262343499260224344e-08
2.645847872000000280e+03 5.688473501279127588e-07 8.358313545155654785e-08
2.687189245000000483e+03 5.527858188280275784e-07 9.601580086255094164e-08
2.728530618000000231e+03 4.813918522053997121e-07 1.045287448909961611e-07
2.769871991000000435e+03 3.845880833874654403e-07 1.056744148119355052e-07
2.811213364000000183e+03 3.020956512455649483e-07 9.901952386678293597e-08
2.852554737000000387e+03 2.657411046336845951e-07 8.681841338257538053e-08
2.893896110000000135e+03 2.857279111125415064e-07 7.321368650683700907e-08
2.935237483000000339e+03 3.467267198828275454e-07 6.229588384023539192e-08
2.976578856000000087e+03 4.155960045628323227e-07 5.725954819791732742e-08
3.017920229000000290e+03 4.571622502230995924e-07 6.150130189254661751e-08
3.059261602000000494e+03 4.503268148408092337e-07 7.425592563534993019e-08
3.100602975000000242e+03 3.965937997084799528e-07 8.862927143550108598e-08
3.141944348000000446e+03 3.181619379452574523e-07 9.738656780759123005e-08
3.183285721000000194e+03 2.470664772217244067e-07 9.750044873379525999e-08
3.224627094000000398e+03 2.108073982940351568e-07 9.118903292528565638e-08
3.265968467000000146e+03 2.206193759466162903e-07 8.271742139921553909e-08
3.307309840000000349e+03 2.668659332424548406e-07 7.390965942355363578e-08
3.348651213000000553e+03 3.239073763603224728e-07 6.460692398476204240e-08
3.389992586000000301e+03 3.620616280045406561e-07 5.867028507729731191e-08
3.431333959000000505e+03 3.612301686474446548e-07 6.372760355598540130e-08
3.472675332000000253e+03 3.197576089627708983e-07 7.824378999014507765e-08
3.514016705000000456e+03 2.544207304770115001e-07 9.243854745224110386e-08
3.555358078000000205e+03 1.920586721384472845e-07 1.000114764488803996e-07
3.596699451000000408e+03 1.570466219613045657e-07 1.005182626851494774e-07
3.638040824000000612e+03 1.603829694987055577e-07 9.673060265674574489e-08
3.679382197000000360e+03 1.954891029157368059e-07 9.064451021458952189e-08
3.720723570000000564e+03 2.418722093493174998e-07 8.262569743060390356e-08
3.762064943000000312e+03 2.750729066363452483e-07 7.482294581944338353e-08
3.803406316000000515e+03 2.777633618117782545e-07 7.291353689400501173e-08
3.844747689000000264e+03 2.469195666440937039e-07 7.988325088534414983e-08
3.886089062000000467e+03 1.945312443671902600e-07 9.099662458296603535e-08
3.927430435000000216e+03 1.418484248279020896e-07 1.005441378634569666e-07
3.968771808000000419e+03 1.099989681773659538e-07 1.062607976825872768e-07
4.010113181000000623e+03 1.104304896965385560e-07 1.077826728804321919e-07
4.051454554000000371e+03 1.395316129570684600e-07 1.047568694497049234e-07
4.092795927000000574e+03 1.805364486699508959e-07 9.704049240076282484e-08
4.134137300000000323e+03 2.119264286308432512e-07 8.692614220432551532e-08
4.175478673000000526e+03 2.176164591358832277e-07 8.026842968095352533e-08
4.216820046000000730e+03 1.941457910958516576e-07 8.247079414912754035e-08
4.258161419000000024e+03 1.514101871919633885e-07 9.237894757169342885e-08
4.299502792000000227e+03 1.074070444676327993e-07 1.043842445437819191e-07
4.340844165000000430e+03 8.005913672188743524e-08 1.141358950619925547e-07
4.382185538000000633e+03 7.911458912612023664e-08 1.192873954644939737e-07
4.423526911000000837e+03 1.019427328559371783e-07 1.186440077980956575e-07
4.464868284000000131e+03 1.352680747098764965e-07 1.123666624727276662e-07
4.506209657000000334e+03 1.616060142744284534e-07 1.029202464020026872e-07
4.547551030000000537e+03 1.675907246189527690e-07 9.533543672832775789e-08
4.588892403000000741e+03 1.496329781286047214e-07 9.502797582739157434e-08
4.630233776000000944e+03 1.149201858673040691e-07 1.027529050072761386e-07
4.671575149000000238e+03 7.802612815666738709e-08 1.140185320877590519e-07
4.712916522000000441e+03 5.423906666387916662e-08 1.238077286286744563e-07
4.754257895000000644e+03 5.260211164280433284e-08 1.291838477760312324e-07
4.795599268000000848e+03 7.186769640960006750e-08 1.290671435878005415e-07
4.836940641000000142e+03 1.009215606162385721e-07 1.239627326171296404e-07
4.878282014000000345e+03 1.242451153519807879e-07 1.163142434742819373e-07
4.919623387000000548e+03 1.297888848850593014e-07 1.103637637668286105e-07
4.960964760000000751e+03 1.145702386404340702e-07 1.104616060503803817e-07
5.002306133000000955e+03 8.518111178015610201e-08 1.178027592343179919e-07
5.043647506000000249e+03 5.401228999367965255e-08 1.294581411076858683e-07
5.084988879000000452e+03 3.356659662504468557e-08 1.407317676726954293e-07
5.126330252000000655e+03 3.138888453193225068e-08 1.476328136900264627e-07
5.167671625000000859e+03 4.700640665698004343e-08 1.480677189597641740e-07
5.209012998000000152e+03 7.188569905561216582e-08 1.423840780279110902e-07
5.250354371000000356e+03 9.343614420451644585e-08 1.331504241396889156e-07
5.291695744000000559e+03 1.010547565094315174e-07 1.246243372497421551e-07
5.333037117000000762e+03 9.079620525724527296e-08 1.216631577917172582e-07
5.374378490000000966e+03 6.672637314715571009e-08 1.273378687979768449e-07
5.415719863000000259e+03 3.893393645649547896e-08 1.404674309707201736e-07
5.457061236000000463e+03 1.913994601278276015e-08 1.559598445973620631e-07
5.498402609000000666e+03 1.514375052357491350e-08 1.675046303344687978e-07
5.539743982000000869e+03 2.728529913866455615e-08 1.703788228056922165e-07
5.581085355000000163e+03 4.896362008991363149e-08 1.634329354152831885e-07
5.622426728000000367e+03 6.963158752514148333e-08 1.499407477738314479e-07
5.663768101000000570e+03 7.909712901692769031e-08 1.363909654452986130e-07
5.705109474000000773e+03 7.223813253584182093e-08 1.294930577935093078e-07
5.746450847000000977e+03 5.160432407775018070e-08 1.333269637233601926e-07
5.787792220000000270e+03 2.612180416439047123e-08 1.473521069282709464e-07
5.829133593000000474e+03 6.822628035219386576e-09 1.660447258870928251e-07
5.870474966000000677e+03 1.833799559052585087e-09 1.812632227070008627e-07
5.911816339000000880e+03 1.267687924560618899e-08 1.862475638844165256e-07
5.953157712000000174e+03 3.360466883377320451e-08 1.790802747301798031e-07
5.994499085000000377e+03 5.413855512836708845e-08 1.636812635434526294e-07
6.035840458000000581e+03 6.409164977847702514e-08 1.478792191639219425e-07
6.077181831000000784e+03 5.847813061277183529e-08 1.396724566556182396e-07
6.118523204000000987e+03 3.971821691639633111e-08 1.433107049654108212e-07
6.159864577000000281e+03 1.597138225787488000e-08 1.575059105754100469e-07
6.201205950000000485e+03 -2.559004841902195296e-09 1.762793894827735169e-07
6.242547323000000688e+03 -7.893556386553499485e-09 1.915149271123253084e-07
6.283888696000000891e+03 2.014887096799939887e-09 1.963848879186767227e-07
6.325230069000001095e+03 2.219274947199287892e-08 1.887360325844999428e-07
6.366571442000000388e+03 4.292641606342248889e-08 1.726828004443470529e-07
6.407912815000000592e+03 5.431260453196363465e-08 1.566192869915370720e-07
6.449254188000000795e+03 5.110685892391567615e-08 1.485213345615046830e-07
6.490595561000000998e+03 3.519078416534335708e-08 1.520857478761945031e-07
6.531936934000000292e+03 1.409573874677685557e-08 1.658968249561677327e-07
6.573278307000000495e+03 -3.014718094651127892e-09 1.846157513017387456e-07
6.614619680000000699e+03 -9.310973019807591964e-09 2.008064212735138706e-07
6.655961053000000902e+03 -2.920872919672708461e-09 2.077984428578112108e-07
6.697302426000001105e+03 1.240648596860844426e-08 2.027306708111773921e-07
6.738643799000000399e+03 2.911769758603660161e-08 1.880049004390581017e-07
6.779985172000000603e+03 3.929284992019847670e-08 1.702974931789221521e-07
6.821326545000000806e+03 3.805289996623224200e-08 1.574381562252573150e-07
6.862667918000001009e+03 2.573109172826994799e-08 1.545100372251815918e-07
6.904009291000000303e+03 7.652156662355059906e-09 1.621795942725190302e-07
6.945350664000000506e+03 -8.387188666000831894e-09 1.772238520492331466e-07
6.986692037000000710e+03 -1.557407533569955042e-08 1.932725517985243750e-07
7.028033410000000913e+03 -1.112545666037138525e-08 2.029643028207498859e-07
7.069374783000001116e+03 2.260032549504238903e-09 2.013632484418600582e-07
7.110716156000000410e+03 1.755023553553148592e-08 1.884905249881999982e-07
7.152057529000000613e+03 2.670875595959955204e-08 1.698101490222853519e-07
7.193398902000000817e+03 2.486474690669825551e-08 1.536270119357232956e-07
7.234740275000001020e+03 1.287532295602813234e-08 1.464776573910310624e-07
7.276081648000001223e+03 -3.537844972483031454e-09 1.506285374273050730e-07
7.317423021000000517e+03 -1.714623204437320529e-08 1.642045968326996912e-07
7.358764394000000721e+03 -2.269628193895135510e-08 1.813921581282798093e-07
7.400105767000000924e+03 -1.864967656080648625e-08 1.941781395754303584e-07
7.441447140000001127e+03 -7.517001409223656946e-09 1.960771766287229033e-07
7.482788513000000421e+03 5.194792215417565789e-09 1.856008229217063776e-07
7.524129886000000624e+03 1.326439715190900934e-08 1.673516388176201904e-07
7.565471259000000828e+03 1.268339426157965103e-08 1.494911409081195638e-07
7.606812632000001031e+03 3.730093047881238103e-09 1.391226102300834861e-07
7.648154005000001234e+03 -9.426452094242950013e-09 1.396831387449870683e-07
7.689495378000000528e+03 -2.099920755780663693e-08 1.514240906305236253e-07
7.730836751000000731e+03 -2.640526477130540456e-08 1.702168708258096100e-07
7.772178124000000935e+03 -2.391448786168810417e-08 1.869399532885147677e-07
7.813519497000001138e+03 -1.526122008766438703e-08 1.923853804091540909e-07
7.854860870000000432e+03 -5.053971496940400501e-09 1.831809685270881095e-07
7.896202243000000635e+03 1.480104907742515790e-09 1.639743121325528245e-07
7.937543616000000839e+03 9.182505012255019530e-10 1.444706186050831882e-07
7.978884989000001042e+03 -6.836079448022438282e-09 1.326363484934599702e-07
8.020226362000001245e+03 -1.826025402121950639e-08 1.310043786676491511e-07
8.061567735000000539e+03 -2.817360424087896900e-08 1.399750392433620587e-07
8.102909108000000742e+03 -3.251948566944132687e-08 1.574103169778103736e-07
8.144250481000000946e+03 -2.980625722660237164e-08 1.753705454019186751e-07
8.185591854000001149e+03 -2.152916253518335404e-08 1.839389473237719746e-07
8.226933227000001352e+03 -1.163492611657326095e-08 1.781726045002810145e-07
8.268274600000000646e+03 -4.875800639074962694e-09 1.614801134640789231e-07
8.309615973000001759e+03 -4.801461443848330710e-09 1.427256876330737282e-07
8.350957346000001053e+03 -1.185967551141312950e-08 1.290505681076146657e-07
8.392298719000000347e+03 -2.300244143819175757e-08 1.225139008955941028e-07
8.433640092000001459e+03 -3.324342844949891091e-08 1.246989252173129892e-07
8.474981465000000753e+03 -3.832792025230292315e-08 1.369315707071587175e-07
8.516322838000000047e+03 -3.680927169193063261e-08 1.537027722857800524e-07
8.557664211000001160e+03 -2.994120988871512792e-08 1.649092155731116476e-07
8.599005584000000454e+03 -2.073463661082553769e-08 1.640903177116038080e-07
8.640346957000001566e+03 -1.309966759380367417e-08 1.518929396969566417e-07
8.681688330000000860e+03 -1.044939977565568565e-08 1.343459612176052472e-07
8.723029703000000154e+03 -1.417473603245485627e-08 1.185106269036124335e-07
8.764371076000001267e+03 -2.284376550177615097e-08 1.088474237016097857e-07
8.805712449000000561e+03 -3.274159326846596330e-08 1.083543153667631980e-07
8.847053822000001674e+03 -3.938170211628907971e-08 1.189814079439647830e-07
8.888395195000000967e+03 -3.966237577582704163e-08 1.366243312439553382e-07
8.929736568000000261e+03 -3.340195852387552143e-08 1.519151698119233241e-07
8.971077941000001374e+03 -2.312900390986778934e-08 1.569162776516921141e-07
9.012419314000000668e+03 -1.304474507770056576e-08 1.489571063524221817e-07
9.053760687000001781e+03 -7.551871431541682951e-09 1.313820073208899125e-07
9.095102060000001075e+03 -9.201612458934012169e-09 1.115548698250526771e-07
9.136443433000000368e+03 -1.754901472344210027e-08 9.709627969218582612e-08
9.177784806000001481e+03 -2.939823706674863052e-08 9.311435448983020285e-08
9.219126179000000775e+03 -3.984623838293341255e-08 1.011042831085156118e-07
9.260467552000001888e+03 -4.447286094153181303e-08 1.176437325263156198e-07
9.301808925000001182e+03 -4.132945840054803651e-08 1.348368062896079921e-07
9.343150298000000475e+03 -3.150859680457718568e-08 1.442664391192804838e-07
9.384491671000001588e+03 -1.868586263530824936e-08 1.410080699806181957e-07
9.425833044000000882e+03 -7.862376501875420711e-09 1.261590907545397491e-07
9.467174417000000176e+03 -3.507189957631366239e-09 1.066056806546115453e-07
9.508515790000001289e+03 -7.717075230547845897e-09 9.110447970573892824e-08
9.549857163000000583e+03 -1.903967679381680173e-08 8.474806791767972073e-08
9.591198536000001695e+03 -3.286910070106851756e-08 8.825676971918985748e-08
9.632539909000000989e+03 -4.326917736942207967e-08 1.008206943581589102e-07
9.673881282000000283e+03 -4.549739642842990748e-08 1.175744853211783403e-07
9.715222655000001396e+03 -3.819071687518984753e-08 1.298367711718636100e-07
9.756564028000000690e+03 -2.418717493266189613e-08 1.306791935541283854e-07
9.797905401000001802e+03 -9.196151812501945416e-09 1.190354941788758343e-07
9.839246774000001096e+03 7.412661149309809054e-10 1.005346265781197328e-07
9.880588147000000390e+03 1.674299034090460571e-09 8.480185089647238676e-08
9.921929520000001503e+03 -6.503581880447866286e-09 7.804039615247065190e-08
9.963270893000000797e+03 -2.017593203993616712e-08 7.907484500210461737e-08
1.000461226600000191e+04 -3.356591466485641297e-08 8.728953617366023715e-08
1.004595363900000120e+04 -4.078106165422648628e-08 1.025874274015890450e-07
1.008729501200000050e+04 -3.829056908813262025e-08 1.183263531429685010e-07
1.012863638500000161e+04 -2.700857646841154688e-08 1.253785542012852012e-07
1.016997775800000090e+04 -1.206851586322060184e-08 1.195234297843863627e-07
1.021131913100000020e+04 -3.132812105346359785e-10 1.038307675588061777e-07
1.025266050400000131e+04 3.187040189371341501e-09 8.718414321094292553e-08
1.029400187700000060e+04 -2.752750823074161702e-09 7.792270603514340486e-08
1.033534325000000172e+04 -1.518934751407228889e-08 7.634845720685155353e-08
1.037668462300000101e+04 -2.847185982906890360e-08 8.019913316321896916e-08
1.041802599600000030e+04 -3.673465487262949539e-08 9.082421166741507548e-08
1.045936736900000142e+04 -3.629752477836254923e-08 1.056891806074913072e-07
1.050070874200000071e+04 -2.715948363167398693e-08 1.162149242910537698e-07
1.054205011500000182e+04 -1.321070448437435151e-08 1.156288834912154976e-07
1.058339148800000112e+04 -3.349205850700125027e-10 1.041154006084221626e-07
1.062473286100000041e+04 6.480805416540691746e-09 8.897519833714256977e-08
1.066607423400000152e+04 5.141587702488387498e-09 7.939657752411789551e-08
1.070741560700000082e+04 -3.015871244949805763e-09 7.739055901186516770e-08
1.074875698000000193e+04 -1.379233607517728419e-08 7.865889580538906812e-08
1.079009835300000123e+04 -2.173756728684235749e-08 8.300013944668211341e-08
1.083143972600000052e+04 -2.280927385951129135e-08 9.267324867048435968e-08
1.087278109900000163e+04 -1.625808409396943750e-08 1.035335824560153526e-07
1.091412247200000093e+04 -4.646675707364017796e-09 1.075836568332353913e-07
1.095546384500000204e+04 7.498486187398404486e-09 1.011105135603418794e-07
1.099680521800000133e+04 1.574987922968153659e-08 8.830497895930837727e-08
1.103814659100000063e+04 1.759421298663813829e-08 7.871998569767703518e-08
1.107948796400000174e+04 1.338332740264190563e-08 7.678679143812761414e-08
1.112082933700000103e+04 5.878492916917462865e-09 7.690786898194629092e-08
1.116217071000000033e+04 -1.198852065796545408e-09 7.641742479216234298e-08
1.120351208300000144e+04 -4.729277652339778492e-09 8.138585639511133499e-08
1.124485345600000073e+04 -3.293575037222184344e-09 9.352506525482827026e-08
1.128619482900000185e+04 2.522754967150150010e-09 1.039913360198965880e-07
1.132753620200000114e+04 1.049891251008225350e-08 1.047451697562020642e-07
1.136887757500000043e+04 1.777224662101655282e-08 9.629804162284522616e-08
1.141021894800000155e+04 2.185949729072718830e-08 8.713952828361567456e-08
1.145156032100000084e+04 2.151054569241838903e-08 8.442188435328657903e-08
1.149290169400000195e+04 1.748821605488886676e-08 8.493546334404934920e-08
1.153424306700000125e+04 1.252631916928210364e-08 8.356250978216828668e-08
1.157558444000000054e+04 9.858929027886716503e-09 8.354808289876858917e-08
1.161692581300000165e+04 1.155902779069936986e-08 9.032221094487492787e-08
1.165826718600000095e+04 1.753326034687017522e-08 9.936526285820175249e-08
1.169960855900000206e+04 2.544153355092466532e-08 1.015774400422721502e-07
1.174094993200000135e+04 3.219585165739531473e-08 9.472527948679763257e-08
1.178229130500000065e+04 3.561713914351917995e-08 8.582185848238883708e-08
1.182363267800000176e+04 3.507039643184125525e-08 8.379525540760353247e-08
1.186497405100000105e+04 3.151876648147816799e-08 8.740473701468214455e-08
1.190631542400000035e+04 2.736542560908172567e-08 8.930625130303874540e-08
1.194765679700000146e+04 2.562145291242092956e-08 8.885747608290727291e-08
1.198899817000000075e+04 2.824186520430276764e-08 9.129317440653268698e-08
1.203033954300000187e+04 3.479625531842229793e-08 9.681696637347823561e-08
1.207168091600000116e+04 4.272595589466036955e-08 9.881793352235314868e-08
1.211302228900000046e+04 4.891595709229158722e-08 9.359333100238092293e-08
1.215436366200000157e+04 5.122115274766615036e-08 8.631307270846571220e-08
1.219570503500000086e+04 4.928020661525183232e-08 8.648860865665981267e-08
1.223704640800000197e+04 4.458101703954548289e-08 9.404252512037768994e-08
1.227838778100000127e+04 4.016681814058236249e-08 1.000969719432829027e-07
1.231972915400000056e+04 3.916773828602674036e-08 1.010390782544561096e-07
1.236107052700000168e+04 4.325409066340714984e-08 1.011191962146121853e-07
1.240241190000000097e+04 5.176515419934901564e-08 1.037265110101031039e-07
1.244375327300000208e+04 6.206489196492248518e-08 1.048279147544190495e-07
1.248509464600000138e+04 7.084860959424579678e-08 9.947447908010423510e-08
1.252643601900000067e+04 7.541259065576558560e-08 9.060144270026658935e-08
1.256777739200000178e+04 7.470478197505739060e-08 8.799473077351136236e-08
1.260911876500000108e+04 6.983850008478723733e-08 9.474029861177184475e-08
1.265046013800000219e+04 6.378012978671580797e-08 1.025697262098262837e-07
1.269180151100000148e+04 6.033169499954951669e-08 1.058869127656597615e-07
1.273314288400000078e+04 6.242992020790798055e-08 1.076360096623941954e-07
1.277448425700000189e+04 7.055753482720223101e-08 1.113187208927939775e-07
1.281582563000000118e+04 8.223693631352559582e-08 1.131723006318050440e-07
1.285716700300000048e+04 9.313012866092403465e-08 1.075940333874969181e-07
1.289850837600000159e+04 9.913114442999220824e-08 9.612542662851040355e-08
1.293984974900000088e+04 9.841934353333396721e-08 8.837407858936236104e-08
1.298119112200000200e+04 9.234918498313194571e-08 9.063456269167070997e-08
1.302253249500000129e+04 8.477368792981455395e-08 9.663261485457552932e-08
1.306387386800000058e+04 8.025218772135958169e-08 1.002931932499551831e-07
1.310521524100000170e+04 8.198741813341257199e-08 1.036322215594655582e-07
1.314655661400000099e+04 9.046753834201700640e-08 1.089126330941329116e-07
1.318789798700000210e+04 1.032022857592662270e-07 1.118221626039589750e-07
1.322923936000000140e+04 1.154957522395812353e-07 1.072236380742307033e-07
1.327058073300000069e+04 1.227208325733166097e-07 9.699164875582386331e-08
1.331192210600000180e+04 1.226519370410460405e-07 8.981222985285977360e-08
1.335326347900000110e+04 1.165337570130270442e-07 9.056992859794051560e-08
1.339460485200000221e+04 1.085579465398172615e-07 9.378364641100610227e-08
1.343594622500000150e+04 1.038586066006625923e-07 9.443123887519738511e-08
1.347728759800000080e+04 1.060131423770002399e-07 9.524937669369791680e-08
1.351862897100000191e+04 1.154559259566205522e-07 9.971898021375468158e-08
1.355997034400000121e+04 1.291873496573250157e-07 1.039597115484152103e-07
1.360131171700000232e+04 1.420369001852813082e-07 1.024951677978631902e-07
1.364265309000000161e+04 1.492116246720475463e-07 9.642471202894740957e-08
1.368399446300000091e+04 1.486798748749288108e-07 9.238817593722993162e-08
1.372533583600000202e+04 1.419787946377538940e-07 9.365532404273540416e-08
1.376667720900000131e+04 1.335576180246352133e-07 9.555151937699502512e-08
1.380801858200000061e+04 1.286886301165971586e-07 9.377374221464301294e-08
1.384935995500000172e+04 1.308985431075319672e-07 9.104094873214892668e-08
1.389070132800000101e+04 1.403241961713461387e-07 9.283530148414636785e-08
1.393204270100000213e+04 1.534696467530499534e-07 9.781339493078796574e-08
1.397338407400000142e+04 1.648834341248979669e-07 9.968625412206716705e-08
1.401472544700000071e+04 1.700919821443361873e-07 9.653869866357608441e-08
1.405606682000000183e+04 1.676826725435912634e-07 9.275434005754876885e-08
1.409740819300000112e+04 1.597816189464877029e-07 9.241129227268752021e-08
1.413874956600000223e+04 1.511380039677291840e-07 9.314796037969830305e-08
1.418009093900000153e+04 1.468645109786614515e-07 9.103209121230697192e-08
1.422143231200000082e+04 1.499636837690106185e-07 8.816263910880346736e-08
1.426277368500000193e+04 1.600296305038188156e-07 9.037958447993075296e-08
1.430411505800000123e+04 1.734577447479211340e-07 9.698673692826242958e-08
1.434545643100000234e+04 1.853120061951932177e-07 1.005795376897478817e-07
1.438679780400000163e+04 1.915713968144649498e-07 9.739060266108343432e-08
1.442813917700000093e+04 1.909099535529014926e-07 9.115422738348778739e-08
1.446948055000000204e+04 1.852550282780141292e-07 8.745561827872209710e-08
1.451082192300000133e+04 1.784269346545372842e-07 8.586290434620709012e-08
1.455216329600000245e+04 1.742215130441987253e-07 8.308145302153859541e-08
1.459350466900000174e+04 1.751872987176776106e-07 8.179611643295693105e-08
1.463484604200000103e+04 1.816517050784806263e-07 8.807791272239367831e-08
1.467618741500000215e+04 1.915087736168371275e-07 9.885981824534028874e-08
1.471752878800000144e+04 2.012394032263271496e-07 1.046650092149922722e-07
1.475887016100000073e+04 2.074881592137199974e-07 1.018876439212961978e-07
1.480021153400000185e+04 2.083799658384039803e-07 9.533278608402197783e-08
1.484155290700000114e+04 2.044270292360372789e-07 9.121074749385175100e-08
1.488289428000000225e+04 1.985322528779897067e-07 8.868804176687207479e-08
1.492423565300000155e+04 1.946463070719821932e-07 8.381296972612128783e-08
1.496557702600000084e+04 1.955794791852773641e-07 8.016002282902633526e-08
1.500691839900000195e+04 2.015586898566025355e-07 8.614826351827596784e-08
1.504825977200000125e+04 2.101464144870136905e-07 9.885526362281798773e-08
1.508960114500000236e+04 2.176911941055371844e-07 1.072925400672667432e-07
1.513094251800000166e+04 2.212627000852473656e-07 1.073902602434556929e-07
1.517228389100000095e+04 2.200793609902400174e-07 1.038418391379267780e-07
1.521362526400000206e+04 2.156508246371536148e-07 1.019919920792250977e-07
1.525496663700000136e+04 2.109597713870813721e-07 1.004913844030529778e-07
1.529630801000000247e+04 2.089864713578796563e-07 9.601875473345142943e-08
1.533764938300000176e+04 2.114538136872230744e-07 9.222800420621816324e-08
1.537899075600000106e+04 2.182114836170731630e-07 9.663162786320088538e-08
1.542033212900000217e+04 2.270959437632202175e-07 1.068542400497751191e-07
1.546167350200000146e+04 2.348060781899862443e-07 1.136093444912617838e-07
1.550301487500000076e+04 2.385205807773636740e-07 1.136736105240572371e-07
1.554435624800000187e+04 2.372900263539856211e-07 1.113165082324806783e-07
1.558569762100000116e+04 2.323781980942207637e-07 1.104933231886281783e-07
1.562703899400000228e+04 2.265417841959669240e-07 1.088694059039284617e-07
1.566838036700000157e+04 2.229764248514627712e-07 1.032692981413517784e-07
1.570972174000000086e+04 2.238432025804291083e-07 9.795243403140137940e-08
1.575106311300000198e+04 2.291110733323624070e-07 1.014736110553311610e-07
1.579240448600000127e+04 2.365534503497941986e-07 1.125695369379331408e-07
1.583374585900000238e+04 2.430356903527655258e-07 1.216594462578340971e-07
1.587508723200000168e+04 2.459776628963725359e-07 1.240744267125931881e-07
1.591642860500000097e+04 2.444658509302721971e-07 1.226635439423870219e-07
1.595776997800000208e+04 2.396994371870780044e-07 1.210713390925118250e-07
1.599911135100000138e+04 2.344894079696910441e-07 1.180742286126963414e-07
1.604045272400000249e+04 2.318540045270844832e-07 1.116608853432299291e-07
1.608179409700000178e+04 2.335826527227045938e-07 1.067811447617047288e-07
1.612313547000000108e+04 2.394349290826346353e-07 1.119537019958084728e-07
1.616447684300000219e+04 2.472324061200008156e-07 1.245426024289833213e-07
1.620581821600000148e+04 2.537990753580665976e-07 1.330424803959808903e-07
1.624715958900000260e+04 2.563390875548095993e-07 1.320353827045458458e-07
1.628850096200000189e+04 2.538754793085733672e-07 1.256874612344570097e-07
1.632984233500000119e+04 2.479114227854184185e-07 1.202930646697328026e-07
1.637118370800000230e+04 2.418538762830283730e-07 1.161556343788382588e-07
1.641252508100000341e+04 2.394272643659619037e-07 1.107782462651237147e-07
1.645386645400000270e+04 2.428088435992071742e-07 1.080577437764614920e-07
1.649520782700000200e+04 2.511813825748372557e-07 1.155223987914529166e-07
1.653654920000000129e+04 2.609652464794833817e-07 1.299057793648231166e-07
1.657789057300000059e+04 2.677278322900898847e-07 1.394305753069253727e-07
1.661923194600000352e+04 2.684014777938249371e-07 1.375794370825411515e-07
1.666057331900000281e+04 2.626514962743234385e-07 1.275164006057070239e-07
1.670191469200000211e+04 2.531137833952257646e-07 1.174123890561920476e-07
1.674325606500000140e+04 2.441759834552839084e-07 1.111680761591467484e-07
1.678459743800000069e+04 2.400369256365934215e-07 1.066934347087510473e-07
1.682593881099999999e+04 2.429424806752406631e-07 1.053937507068549141e-07
1.686728018400000292e+04 2.520935572259871348e-07 1.136002415739884477e-07
1.690862155700000221e+04 2.637491258190407500e-07 1.293721132240018218e-07
1.694996293000000151e+04 2.726102772526917421e-07 1.412624118274187015e-07
1.699130430300000080e+04 2.746027366455646875e-07 1.410666732368404509e-07
1.703264567600000009e+04 2.691530051993210334e-07 1.301286630045093472e-07
1.707398704900000303e+04 2.591191438660501819e-07 1.169820381659365209e-07
1.711532842200000232e+04 2.491564734914343874e-07 1.082485722561681358e-07
1.715666979500000161e+04 2.440091551229306108e-07 1.027534483565411989e-07
1.719801116800000091e+04 2.467204690463169616e-07 1.000370667271408191e-07
1.723935254100000020e+04 2.569417736655933508e-07 1.066900688848920837e-07
1.728069391400000313e+04 2.706036024031964092e-07 1.243230888607188250e-07
1.732203528700000243e+04 2.816483074149954119e-07 1.421920907158117306e-07
1.736337666000000172e+04 2.850348151127282284e-07 1.488568315660497416e-07
1.740471803300000101e+04 2.793705552132787613e-07 1.412575680054370264e-07
1.744605940600000031e+04 2.673425006402685784e-07 1.250910771473429756e-07
1.748740077900000324e+04 2.541877127183574594e-07 1.095514893856852688e-07
1.752874215200000253e+04 2.456228194715786124e-07 9.959257266696759270e-08
1.757008352500000183e+04 2.455930613258510905e-07 9.515872017065494600e-08
1.761142489800000112e+04 2.542785118092645122e-07 9.940050768643448420e-08
1.765276627100000042e+04 2.676829964714700140e-07 1.153921981297839322e-07
1.769410764400000335e+04 2.793817156781216389e-07 1.352512441130462178e-07
1.773544901700000264e+04 2.840992942578708059e-07 1.465916946301466887e-07
1.777679039000000193e+04 2.803664106586186364e-07 1.431954986151042481e-07
1.781813176300000123e+04 2.704672631458998737e-07 1.280422530624544596e-07
1.785947313600000052e+04 2.589768156892494969e-07 1.101601740034271062e-07
1.790081450900000345e+04 2.509170055639036757e-07 9.738284703031861138e-08
1.794215588200000275e+04 2.497261060094856668e-07 9.192676410805556039e-08
1.798349725500000204e+04 2.558819729918032052e-07 9.550395374691589718e-08
1.802483862800000134e+04 2.664259414155588413e-07 1.100057084076541261e-07
1.806618000100000063e+04 2.762922577442104292e-07 1.297110919481859148e-07
1.810752137400000356e+04 2.810386819875843671e-07 1.436612029913372091e-07
1.814886274700000286e+04 2.792050215508543391e-07 1.442516303258849363e-07
1.819020412000000215e+04 2.726270568023562884e-07 1.315540211970686322e-07
1.823154549300000144e+04 2.648517598613163786e-07 1.127755406451614138e-07
1.827288686600000074e+04 2.594252951867192746e-07 9.760600224923105509e-08
1.831422823900000367e+04 2.585607924255319569e-07 9.141131601319497857e-08
1.835556961200000296e+04 2.622512786096241039e-07 9.443018195401230917e-08
1.839691098500000226e+04 2.683729200337242112e-07 1.069000158697762575e-07
1.843825235800000155e+04 2.739565035725148826e-07 1.256578560585743199e-07
1.847959373100000084e+04 2.768191439032687630e-07 1.415062318835953503e-07
1.852093510400000378e+04 2.763178113331711213e-07 1.457925170991432565e-07
1.856227647700000307e+04 2.733358694350869250e-07 1.365034236731723548e-07
1.860361785000000236e+04 2.697039394995985955e-07 1.191662775929413492e-07
1.864495922300000166e+04 2.671866037181427608e-07 1.032907590361449283e-07
1.868630059600000095e+04 2.666025615276088728e-07 9.543033734113814515e-08
1.872764196900000024e+04 2.678334169058554022e-07 9.557313320268925121e-08
1.876898334200000318e+04 2.701521896635707659e-07 1.028049985845238107e-07
1.881032471500000247e+04 2.725848812825805612e-07 1.164741047418082888e-07
1.885166608800000176e+04 2.744023874148599014e-07 1.305921974883656161e-07
1.889300746100000106e+04 2.754453774624595614e-07 1.366750140076539973e-07
1.893434883400000035e+04 2.761949275154143793e-07 1.311380943972488334e-07
1.897569020700000328e+04 2.773646668712995166e-07 1.180644052728372178e-07
1.901703158000000258e+04 2.790888709682008219e-07 1.060298558363629598e-07
1.905837295300000187e+04 2.809294458268113195e-07 1.006602597921340843e-07
1.909971432600000117e+04 2.822817911932963553e-07 1.011709285277994676e-07
1.914105569900000046e+04 2.826264880264226658e-07 1.071630207337703332e-07
1.918239707200000339e+04 2.817110627420078370e-07 1.195660774336145769e-07
1.922373844500000268e+04 2.797534694333714747e-07 1.334351963411484749e-07
1.926507981800000198e+04 2.775095291370285302e-07 1.398345050976672519e-07
1.930642119100000127e+04 2.761135543217157429e-07 1.342488710730565472e-07
1.934776256400000057e+04 2.767857924451084164e-07 1.209963554428547893e-07
1.938910393700000350e+04 2.797500594650913414e-07 1.097106653440940964e-07
1.943044531000000279e+04 2.839168064245077386e-07 1.056528709350485293e-07
1.947178668300000209e+04 2.876554186251913373e-07 1.061235917268996969e-07
1.951312805600000138e+04 2.896606000812405384e-07 1.099795530331405504e-07
1.955446942900000067e+04 2.895194766567339919e-07 1.202455844881719311e-07
1.959581080200000360e+04 2.877690812087523719e-07 1.345048993883780562e-07
1.963715217500000290e+04 2.854749307157127355e-07 1.437975237368779189e-07
1.967849354800000219e+04 2.839227708489648774e-07 1.419906465319545087e-07
1.971983492100000149e+04 2.843022373565362711e-07 1.314481813572212910e-07
1.976117629400000078e+04 2.870286292305128695e-07 1.207870425970253248e-07
1.980251766700000371e+04 2.912861641112207376e-07 1.155777553614141114e-07
1.984385904000000301e+04 2.953613857304617987e-07 1.136151727521146905e-07
1.988520041300000230e+04 2.973399224942432707e-07 1.134396897979120893e-07
1.992654178600000159e+04 2.960778928705765106e-07 1.192690212128518664e-07
1.996788315900000089e+04 2.919492097668917253e-07 1.316691835387989694e-07
2.000922453200000382e+04 2.868104184186105576e-07 1.420106298677409352e-07
2.005056590500000311e+04 2.830914710117014606e-07 1.423030510351113158e-07
2.009190727800000241e+04 2.826977157940982384e-07 1.336570224856737273e-07
2.013324865100000170e+04 2.859988552244711647e-07 1.247896408851292455e-07
2.017459002400000099e+04 2.916769047162052883e-07 1.218228178087327276e-07
2.021593139700000393e+04 2.972149307142135645e-07 1.216765115202296214e-07
2.025727277000000322e+04 3.002648813540815706e-07 1.212674332241646281e-07
2.029861414300000251e+04 2.997056261047109445e-07 1.250164985310533340e-07
2.033995551600000181e+04 2.960724517262520583e-07 1.360932147403251214e-07
2.038129688900000110e+04 2.914195043066733597e-07 1.467253909014461822e-07
2.042263826200000040e+04 2.884253652997010264e-07 1.470830453644966195e-07
2.046397963500000333e+04 2.889972843283692112e-07 1.365392657613362262e-07
2.050532100800000262e+04 2.931357862543342981e-07 1.242642790688048434e-07
2.054666238100000191e+04 2.989166595310055201e-07 1.192204916774927243e-07
2.058800375400000121e+04 3.036272900179894341e-07 1.199539064728519008e-07
2.062934512700000050e+04 3.050277952148603569e-07 1.224424768050163130e-07
2.067068650000000343e+04 3.025371137137742473e-07 1.296524737519010065e-07
2.071202787300000273e+04 2.975157829436503216e-07 1.432753077546994402e-07
2.075336924600000202e+04 2.926353312627153245e-07 1.549837023698524739e-07
2.079471061900000132e+04 2.904806776807848496e-07 1.547739045094818765e-07
2.083605199200000061e+04 2.920291003539370773e-07 1.418315235299155239e-07
2.087739336500000354e+04 2.961278749366145257e-07 1.261988404424930351e-07
2.091873473800000284e+04 3.004375126496348669e-07 1.194702851108375155e-07
2.096007611100000213e+04 3.027761566528633968e-07 1.217084351136904397e-07
2.100141748400000142e+04 3.019844476995540751e-07 1.274223747917555452e-07
2.104275885700000072e+04 2.984885462034260674e-07 1.377488078319620204e-07
2.108410023000000365e+04 2.939995126462561639e-07 1.528612256757850177e-07
2.112544160300000294e+04 2.906232391252708669e-07 1.639726871070607937e-07
2.116678297600000224e+04 2.899485297295615311e-07 1.617025206964663372e-07
2.120812434900000153e+04 2.920603689834614678e-07 1.459374777634355880e-07
2.124946572200000082e+04 2.952535429903164427e-07 1.275775953918803680e-07
2.129080709500000376e+04 2.970592019826303766e-07 1.195925929737575530e-07
2.133214846800000305e+04 2.959853434475292091e-07 1.226099924754269489e-07
2.137348984100000234e+04 2.924319878068101453e-07 1.305291440326723735e-07
2.141483121400000164e+04 2.882277847755443087e-07 1.432966621652489885e-07
2.145617258700000093e+04 2.853897379383566932e-07 1.600108451479178495e-07
2.149751396000000386e+04 2.851028617716628777e-07 1.717821652387890026e-07
2.153885533300000316e+04 2.872297815785106500e-07 1.693821903535635979e-07
2.158019670600000245e+04 2.904313658260668327e-07 1.526257642068105822e-07
2.162153807900000174e+04 2.928533096945071069e-07 1.322853757526465639e-07
2.166287945200000104e+04 2.927771711432107324e-07 1.216655087597685038e-07
2.170422082500000397e+04 2.895413614237709518e-07 1.227707453292921409e-07
2.174556219800000326e+04 2.842672271498507062e-07 1.302210678843374066e-07
2.178690357100000256e+04 2.792923864920421085e-07 1.435139958043032640e-07
2.182824494400000185e+04 2.768691733283003698e-07 1.610179437606566810e-07
2.186958631700000115e+04 2.780320324115352138e-07 1.733445240826111385e-07
2.191092769000000408e+04 2.818129370618125140e-07 1.707794548802153597e-07
2.195226906300000337e+04 2.858123273933014455e-07 1.524227346742118115e-07
2.199361043600000266e+04 2.875002495327509048e-07 1.285104650397776697e-07
2.203495180900000196e+04 2.856208115382643079e-07 1.136915841597104540e-07
2.207629318200000125e+04 2.807380151466196136e-07 1.130614893583735348e-07
2.211763455500000055e+04 2.746812416006730146e-07 1.225155877018108631e-07
2.215897592800000348e+04 2.695482446738928063e-07 1.407824872461256087e-07
2.220031730100000277e+04 2.670511202083863430e-07 1.645212345731467725e-07
2.224165867400000207e+04 2.682293562046750895e-07 1.829715778675997076e-07
2.228300004700000136e+04 2.727848072198174428e-07 1.852388410232326985e-07
2.232434142000000065e+04 2.786241253799063181e-07 1.687198681518090985e-07
2.236568279300000358e+04 2.825495324393554557e-07 1.419132743215848692e-07
2.240702416600000288e+04 2.820015795637776331e-07 1.196937385463846531e-07
2.244836553900000217e+04 2.766538869230248724e-07 1.116866114146458991e-07
2.248970691200000147e+04 2.685300835160228672e-07 1.175715984432120938e-07
2.253104828500000076e+04 2.608726756548140616e-07 1.365496951192091610e-07
2.257238965800000369e+04 2.567404156509145697e-07 1.644909119201787240e-07
2.261373103100000299e+04 2.578256261291987711e-07 1.883713345618143028e-07
2.265507240400000228e+04 2.636540307317495026e-07 1.950640498866748283e-07
2.269641377700000157e+04 2.718015478643608975e-07 1.806876109595353847e-07
2.273775515000000087e+04 2.784367323790736617e-07 1.527888640769197126e-07
2.277909652300000380e+04 2.797585023167757943e-07 1.258193923211555752e-07
2.282043789600000309e+04 2.742662848204257897e-07 1.113371016706337522e-07
2.286177926900000239e+04 2.639813776837070792e-07 1.120060292280634919e-07
2.290312064200000168e+04 2.534746062289260446e-07 1.284152565434548345e-07
2.294446201500000097e+04 2.475851057340947491e-07 1.572780481697955125e-07
2.298580338800000391e+04 2.492240778777539027e-07 1.852189433219044598e-07
2.302714476100000320e+04 2.580092493998569849e-07 1.974122170370160156e-07
2.306848613400000249e+04 2.701795662221954978e-07 1.875775769667290104e-07
2.310982750700000179e+04 2.800064393410207358e-07 1.613641192133477965e-07
2.315116888000000108e+04 2.824131809452221648e-07 1.327868617437326026e-07
2.319251025300000401e+04 2.754897464091026387e-07 1.147274676576943149e-07
2.323385162600000331e+04 2.616914918829486975e-07 1.121458135742605189e-07
2.327519299900000260e+04 2.467756778730494900e-07 1.265406853521979308e-07
2.331653437200000189e+04 2.371234680419358092e-07 1.546404204974537168e-07
2.335787574500000119e+04 2.368677153207500415e-07 1.830068817278618808e-07
2.339921711800000412e+04 2.460539740772309016e-07 1.964511695289936427e-07
2.344055849100000341e+04 2.606692074579369275e-07 1.880709311537393171e-07
2.348189986400000271e+04 2.742723341602149351e-07 1.627209069733666886e-07
2.352324123700000200e+04 2.807064395886969279e-07 1.338000660388815601e-07
2.356458261000000130e+04 2.768374586827194872e-07 1.145584343574184547e-07
2.360592398300000423e+04 2.641337713783905728e-07 1.108146170648203778e-07
2.364726535600000352e+04 2.480463069055046851e-07 1.239046796598282603e-07
2.368860672900000282e+04 2.355002812627999109e-07 1.505842283318446920e-07
2.372994810200000211e+04 2.318761833302652202e-07 1.784361655126685841e-07
2.377128947500000140e+04 2.385579230354680982e-07 1.925354593228221438e-07
2.381263084800000070e+04 2.522124662841564773e-07 1.851110675910605705e-07
2.385397222100000363e+04 2.663320316939524799e-07 1.599239686454526447e-07
2.389531359400000292e+04 2.742533111034056803e-07 1.301744813746500934e-07
2.393665496700000222e+04 2.722301010213519459e-07 1.102390016325333833e-07
2.397799634000000151e+04 2.611427015483859898e-07 1.069386027773624635e-07
2.401933771300000080e+04 2.458932674822033427e-07 1.209478021328166474e-07
2.406067908600000374e+04 2.331603998692181657e-07 1.477734654905900764e-07
2.410202045900000303e+04 2.283636519178776949e-07 1.747458446989647176e-07
2.414336183200000232e+04 2.333290644407504227e-07 1.877564158998982857e-07
2.418470320500000162e+04 2.455401522094311553e-07 1.798763741905492686e-07
2.422604457800000091e+04 2.592707395174595732e-07 1.548954275891739352e-07
2.426738595100000384e+04 2.679984680915683039e-07 1.250893767184896658e-07
2.430872732400000314e+04 2.673117690136020662e-07 1.046288223031352441e-07
2.435006869700000243e+04 2.570895165244408984e-07 1.017581969505335442e-07
2.439141007000000172e+04 2.415370054543701442e-07 1.166289831938249177e-07
2.443275144300000102e+04 2.272953871361485545e-07 1.430133154142690338e-07
2.447409281600000395e+04 2.203599659422127438e-07 1.690823568777440318e-07
2.451543418900000324e+04 2.231951223571556777e-07 1.822550912344227993e-07
2.455677556200000254e+04 2.337152684560867348e-07 1.756092600304782947e-07
2.459811693500000183e+04 2.465223128277135905e-07 1.512661039257212782e-07
2.463945830800000113e+04 2.553328413633046929e-07 1.197087422997907091e-07
2.468079968100000406e+04 2.558522450718106549e-07 9.459005874957681771e-08
2.472214105400000335e+04 2.476766843159166013e-07 8.631018247053309710e-08
2.476348242700000264e+04 2.342302243567553143e-07 9.875233376028422684e-08
2.480482380000000194e+04 2.210383985783082357e-07 1.270090000208339889e-07
2.484616517300000123e+04 2.133028661463284137e-07 1.579212757418528362e-07
2.488750654600000416e+04 2.139167167019756941e-07 1.770295009631895172e-07
2.492884791900000346e+04 2.222984969656968061e-07 1.754349295441826857e-07
2.497018929200000275e+04 2.344104522979453127e-07 1.535505513099566545e-07
2.501153066500000205e+04 2.444841285610891514e-07 1.208171112899277260e-07
2.505287203800000134e+04 2.476537387587034825e-07 9.100887032136604334e-08
2.509421341100000427e+04 2.423409706532984694e-07 7.577484599514286074e-08
2.513555478400000356e+04 2.309097100209232768e-07 8.248989444520563115e-08
2.517689615700000286e+04 2.180749950336091364e-07 1.101871790491134254e-07
2.521823753000000215e+04 2.087408077538669638e-07 1.451969684807010868e-07
2.525957890300000145e+04 2.062295030637415965e-07 1.705587529121251653e-07
2.530092027600000438e+04 2.111989751924660815e-07 1.748313541978733809e-07
2.534226164900000367e+04 2.212566812526530287e-07 1.563260764487593830e-07
2.538360302200000297e+04 2.316441566236261443e-07 1.236826321233067137e-07
2.542494439500000226e+04 2.375164311866129479e-07 9.150536876184363692e-08
2.546628576800000155e+04 2.363204936672691859e-07 7.220086600041115783e-08
2.550762714100000449e+04 2.287276194942507949e-07 7.286755863750301504e-08
2.554896851400000378e+04 2.180420765498729037e-07 9.591018316528523681e-08
2.559030988700000307e+04 2.084997707336586530e-07 1.306600568529226036e-07
2.563165126000000237e+04 2.035691130476256460e-07 1.594375711354495749e-07
2.567299263300000166e+04 2.047491940773943449e-07 1.685376053416872609e-07
2.571433400600000095e+04 2.107912272796597869e-07 1.539191207676737971e-07
2.575567537900000389e+04 2.180856965704711517e-07 1.226130118216039075e-07
2.579701675200000318e+04 2.227494749726916123e-07 8.919504460084275473e-08
2.583835812500000247e+04 2.226642919963967367e-07 6.735875196223395232e-08
2.587969949800000177e+04 2.182224660921357738e-07 6.304409760992110825e-08
2.592104087100000106e+04 2.118927521972450194e-07 8.024910556366331893e-08
2.596238224400000399e+04 2.068807006734219064e-07 1.148889178310027369e-07
2.600372361700000329e+04 2.054720556167259755e-07 1.502634316744505686e-07
2.604506499000000258e+04 2.077957796522437275e-07 1.695362394338155045e-07
2.608640636300000187e+04 2.117386564816032507e-07 1.640498065257707949e-07
2.612774773600000117e+04 2.142759585811518320e-07 1.371617765670051278e-07
2.616908910900000410e+04 2.133321253595543399e-07 1.027436764260729772e-07
2.621043048200000339e+04 2.089425385087738456e-07 7.720922844025959515e-08
2.625177185500000269e+04 2.034048531634308614e-07 6.828630384167200372e-08
2.629311322800000198e+04 1.998257945728613517e-07 7.837103708426341596e-08
2.633445460100000128e+04 2.001448455296872527e-07 1.084804985709433349e-07
2.637579597400000421e+04 2.039760506206758815e-07 1.452888156486501701e-07
2.641713734700000350e+04 2.089623164370386897e-07 1.700807288550769996e-07
2.645847872000000280e+04 2.122645144272426104e-07 1.708371613403415024e-07
2.649982009300000209e+04 2.119252459649914194e-07 1.475378331236124252e-07
2.654116146600000138e+04 2.076754779614582261e-07 1.122074458517174164e-07
2.658250283900000431e+04 2.010398114648563483e-07 8.308916740968027717e-08
2.662384421200000361e+04 1.945655180286982656e-07 7.173074859726097817e-08
2.666518558500000290e+04 1.908165840753064770e-07 7.817811367607786240e-08
2.670652695800000220e+04 1.911297080551253983e-07 1.039967574996981339e-07
2.674786833100000149e+04 1.948400725246040982e-07 1.406168588335022664e-07
2.678920970400000442e+04 1.997762230255288219e-07 1.687513284739268177e-07
2.683055107700000372e+04 2.033205418775161283e-07 1.735452669581375396e-07
2.687189245000000301e+04 2.035216534197450854e-07 1.524423917419034778e-07
2.691323382300000230e+04 2.000557302839659971e-07 1.162403499485811955e-07
2.695457519600000160e+04 1.942745390319425186e-07 8.495090529353567160e-08
2.699591656900000453e+04 1.884767243350600873e-07 7.468318428741805214e-08
2.703725794200000382e+04 1.847637474291261691e-07 8.212927127850188943e-08
2.707859931500000312e+04 1.843645279350168022e-07 1.030182081683907487e-07
2.711994068800000241e+04 1.874579147730040039e-07 1.349811539746250756e-07
2.716128206100000170e+04 1.928034303622101686e-07 1.645795333463539778e-07
2.720262343400000464e+04 1.978462337271578883e-07 1.761873731341897035e-07
2.724396480700000393e+04 1.998706496681302193e-07 1.631131414351163200e-07
2.728530618000000322e+04 1.975453374291485459e-07 1.317148073506233592e-07
2.732664755300000252e+04 1.915155884128511312e-07 9.974790529465769586e-08
2.736798892600000181e+04 1.840298541212516685e-07 8.648624978585510686e-08
2.740933029900000111e+04 1.781416945318695202e-07 9.308733602667214727e-08
2.745067167200000404e+04 1.764754439835984970e-07 1.107953952519575576e-07
2.749201304500000333e+04 1.796443396193501231e-07 1.364244757619359481e-07
2.753335441800000262e+04 1.861017453946344327e-07 1.618828402265536489e-07
2.757469579100000192e+04 1.930396265005033313e-07 1.746528878061842632e-07
2.761603716400000121e+04 1.972924769414885792e-07 1.671964192511952124e-07
2.765737853700000414e+04 1.965165472937528624e-07 1.423261816598611601e-07
2.769871991000000344e+04 1.904759453052265260e-07 1.134285092626966229e-07
2.774006128300000273e+04 1.813622943734735429e-07 9.793772419499522113e-08
2.778140265600000203e+04 1.726393261919857412e-07 1.014114068053986022e-07
2.782274402900000132e+04 1.677546411193693394e-07 1.161835156829339234e-07
2.786408540200000425e+04 1.690962511793400408e-07 1.366182367620224396e-07
2.790542677500000354e+04 1.765330390939970651e-07 1.571091860459978270e-07
2.794676814800000284e+04 1.870402173618222522e-07 1.689710167024141317e-07
2.798810952100000213e+04 1.960040418081654401e-07 1.654215568211370205e-07
2.802945089400000143e+04 1.992210805864211389e-07 1.470091507015183295e-07
2.807079226700000436e+04 1.947845533594105055e-07 1.229850977589504082e-07
2.811213364000000365e+04 1.841506543592988109e-07 1.072385192985883126e-07
2.815347501300000295e+04 1.714857245084252359e-07 1.071729876125021192e-07
2.819481638600000224e+04 1.618313923668018814e-07 1.181584632918642903e-07
2.823615775900000153e+04 1.591076680563858297e-07 1.340853877838520452e-07
2.827749913200000447e+04 1.645356742918552278e-07 1.507155255599579786e-07
2.831884050500000376e+04 1.760964222063372123e-07 1.621385830950110401e-07
2.836018187800000305e+04 1.891283566279633790e-07 1.625744419062929824e-07
2.840152325100000235e+04 1.980007359053953360e-07 1.507497748580416995e-07
2.844286462400000164e+04 1.986375183931368762e-07 1.319560426147321901e-07
2.848420599700000457e+04 1.902555205387479332e-07 1.164458872806225279e-07
2.852554737000000387e+04 1.756764666688777124e-07 1.122307312181473910e-07
2.856688874300000316e+04 1.603448035609964830e-07 1.183834161050983482e-07
2.860823011600000245e+04 1.502805206132496304e-07 1.302777847150507956e-07
2.864957148900000175e+04 1.497572696336419273e-07 1.448567709928210793e-07
2.869091286200000468e+04 1.594746234466101644e-07 1.577862479175096654e-07
2.873225423500000397e+04 1.756340866076822852e-07 1.623600539425835971e-07
2.877359560800000327e+04 1.910707508812041594e-07 1.541160290237513608e-07
2.881493698100000256e+04 1.985389610399059119e-07 1.358617795434971503e-07
2.885627835400000185e+04 1.941131739725859987e-07 1.176725991548957360e-07
2.889761972700000479e+04 1.789827262645942138e-07 1.102506848552327201e-07
2.893896110000000408e+04 1.591565220105049690e-07 1.154321814531598134e-07
2.898030247300000337e+04 1.431578878396732675e-07 1.276824651580590056e-07
2.902164384600000267e+04 1.383891090261238007e-07 1.422323918903773320e-07
2.906298521900000196e+04 1.473734696310149680e-07 1.549651689276281179e-07
2.910432659200000489e+04 1.662891136804620394e-07 1.602807130083089917e-07
2.914566796500000419e+04 1.867522889731982296e-07 1.538806662294802102e-07
2.918700933800000348e+04 1.994591834870880582e-07 1.371982265978616437e-07
2.922835071100000278e+04 1.983409334539209703e-07 1.185419051057866758e-07
2.926969208400000207e+04 1.836259990721802325e-07 1.091909059403329789e-07
2.931103345700000136e+04 1.621423025008432303e-07 1.133782032901251756e-07
2.935237483000000429e+04 1.441426054424362703e-07 1.248235664045455500e-07
2.939371620300000359e+04 1.379675200872158732e-07 1.364963075510755149e-07
2.943505757600000288e+04 1.462527922522024910e-07 1.451924155199556653e-07
2.947639894900000218e+04 1.649588346969172370e-07 1.489116834286784166e-07
2.951774032200000147e+04 1.854111690393774725e-07 1.453110505703862090e-07
2.955908169500000440e+04 1.982635751096750714e-07 1.339278655435204420e-07
2.960042306800000370e+04 1.975770563699687325e-07 1.191439913318614919e-07
2.964176444100000299e+04 1.836743555155993558e-07 1.097867864233627573e-07
2.968310581400000228e+04 1.630681981281899580e-07 1.118037139521503888e-07
2.972444718700000158e+04 1.454340383383430849e-07 1.207087196657942461e-07
2.976578856000000451e+04 1.390819754608227060e-07 1.284057741858916961e-07
2.980712993300000380e+04 1.469047790582845984e-07 1.318317833424863563e-07
2.984847130600000310e+04 1.649356023830989739e-07 1.322241895637748634e-07
2.988981267900000239e+04 1.844315314859483467e-07 1.304079185591956463e-07
2.993115405200000168e+04 1.960914958306806861e-07 1.248952754292693884e-07
2.997249542500000462e+04 1.942591900287592239e-07 1.153440507677429472e-07
3.001383679800000391e+04 1.796199485960919321e-07 1.065039674287024706e-07
3.005517817100000320e+04 1.588665466832818214e-07 1.053216489089849522e-07
3.009651954400000250e+04 1.415173231858865581e-07 1.112251815283155587e-07
3.013786091700000179e+04 1.356440946950457396e-07 1.165551425716866230e-07
3.017920229000000472e+04 1.443413858641836461e-07 1.169961623339544685e-07
3.022054366300000402e+04 1.639530182961833853e-07 1.145967359726437994e-07
3.026188503600000331e+04 1.856716504697007838e-07 1.124585522315458835e-07
3.030322640900000260e+04 1.996619948499248595e-07 1.095199359173340678e-07
3.034456778200000190e+04 1.996663373296184651e-07 1.029710282808891468e-07
3.038590915500000483e+04 1.858979884415178007e-07 9.485216582060162585e-08
3.042725052800000412e+04 1.648233722876275792e-07 9.247865182179237960e-08
3.046859190100000342e+04 1.459430859573312376e-07 9.816203273106732021e-08
3.050993327400000271e+04 1.375987636171481002e-07 1.045868473524733417e-07
3.055127464700000201e+04 1.433615869423630286e-07 1.053412295608565136e-07
3.059261602000000494e+04 1.604122035452009779e-07 1.013808208468185770e-07
3.063395739300000423e+04 1.808453512786636539e-07 9.752714976594107833e-08
3.067529876600000352e+04 1.951552449127886588e-07 9.480151360412384073e-08
3.071664013900000282e+04 1.964934368523248432e-07 9.013476357685898398e-08
3.075798151200000211e+04 1.840340366443029603e-07 8.421478575931709151e-08
3.079932288500000504e+04 1.633508067007495921e-07 8.423911284198445893e-08
3.084066425800000434e+04 1.436352982899369139e-07 9.308181363114287967e-08
3.088200563100000363e+04 1.332933563104552261e-07 1.025402830221202766e-07
3.092334700400000293e+04 1.360327761621956848e-07 1.045192015537346725e-07
3.096468837700000222e+04 1.493990067834000423e-07 9.837642701372323810e-08
3.100602975000000151e+04 1.664977541296061730e-07 8.926645695977631464e-08
3.104737112300000445e+04 1.795462510272725244e-07 8.186329892623699200e-08
3.108871249600000374e+04 1.829988246745188651e-07 7.616813573257241650e-08
3.113005386900000303e+04 1.755740993138204357e-07 7.245396440770145191e-08
3.117139524200000233e+04 1.608498306544308699e-07 7.615333062202155619e-08
3.121273661500000162e+04 1.458178320266493392e-07 8.857546700631898227e-08
3.125407798800000455e+04 1.376319018347532817e-07 1.007379163003828291e-07
3.129541936100000385e+04 1.401260286793155955e-07 1.034225841970548157e-07
3.133676073400000314e+04 1.519430250366902222e-07 9.438632183270013932e-08
3.137810210700000243e+04 1.673909235316837243e-07 7.904492660463837608e-08
3.141944348000000173e+04 1.793696981423450122e-07 6.638643132622957613e-08
3.146078485300000466e+04 1.825565224210134098e-07 6.053576486833007973e-08
3.150212622600000395e+04 1.758649678851368629e-07 6.063809484923622581e-08
3.154346759900000325e+04 1.628519842377422988e-07 6.950522626940197738e-08
3.158480897200000254e+04 1.501014753960798632e-07 8.601968124566329103e-08
3.162615034500000183e+04 1.440419003744511322e-07 9.969539492146171270e-08
3.166749171800000477e+04 1.476899812979772489e-07 1.009724650176662801e-07
3.170883309100000406e+04 1.593374445362364570e-07 8.801153686080325970e-08
3.175017446400000335e+04 1.739281018183624336e-07 6.705775652561431021e-08
3.179151583700000265e+04 1.855753631444154240e-07 4.948180778065894986e-08
3.183285721000000194e+04 1.900495962601645035e-07 4.399857501374374084e-08
3.187419858300000487e+04 1.863262161517579562e-07 4.871171084069054312e-08
3.191553995600000417e+04 1.766389641685594765e-07 6.080134748486478472e-08
3.195688132900000346e+04 1.656495878855391329e-07 7.737183870965759118e-08
3.199822270200000276e+04 1.584282943196477634e-07 9.014363781528989438e-08
3.203956407500000205e+04 1.579721466983297292e-07 9.095422319519797175e-08
3.208090544800000498e+04 1.637110214832500306e-07 7.737990291140179721e-08
3.212224682100000427e+04 1.724109519319391084e-07 5.441875163511584791e-08
3.216358819400000357e+04 1.802621427898201485e-07 3.290280841062770785e-08
3.220492956700000286e+04 1.846820249134343680e-07 2.482411416674467368e-08
3.224627094000000216e+04 1.848458212367900709e-07 3.026734646149113788e-08
3.228761231300000509e+04 1.814878904510279068e-07 4.352466473418527530e-08
3.232895368600000438e+04 1.764444071830832158e-07 6.076373209613491222e-08
3.237029505900000368e+04 1.718243526617047029e-07 7.407690431752065462e-08
3.241163643200000297e+04 1.691901798738182292e-07 7.641050826286083015e-08
3.245297780500000226e+04 1.692628656235107843e-07 6.570099106202305543e-08
3.249431917800000519e+04 1.718082721695116807e-07 4.611104280961467977e-08
3.253566055100000449e+04 1.755984302920319528e-07 2.736308448745541265e-08
3.257700192400000378e+04 1.788994069574234787e-07 2.082857278497177956e-08
3.261834329700000308e+04 1.805056727648526359e-07 2.426851153238101931e-08
3.265968467000000237e+04 1.803004259800651093e-07 3.259951397339026608e-08
3.270102604300000166e+04 1.789447319114913296e-07 4.593606207229726812e-08
3.274236741600000460e+04 1.771689746569295062e-07 5.797806252616648208e-08
3.278370878900000389e+04 1.755589352162736302e-07 6.139783541462101496e-08
3.282505016200000682e+04 1.745082991396072186e-07 5.323807959837785471e-08
3.286639153500000248e+04 1.741205818206821394e-07 3.653809718527293980e-08
3.290773290800000541e+04 1.743612023024637926e-07 1.984891547176353048e-08
3.294907428100000106e+04 1.752926519585618925e-07 1.468376365387692532e-08
3.299041565400000400e+04 1.772272730472576758e-07 1.632945044366301465e-08
3.303175702700000693e+04 1.804540665944261068e-07 1.889797886654731695e-08
3.307309840000000258e+04 1.843381959239420155e-07 2.881210875594416052e-08
3.311443977300000552e+04 1.874142008170083531e-07 4.102777985489074043e-08
3.315578114600000117e+04 1.881630303093331949e-07 4.671276303038373028e-08
3.319712251900000410e+04 1.859699802480189734e-07 4.197080144781203729e-08
3.323846389200000704e+04 1.816282778041021568e-07 2.935036849713855208e-08
3.327980526500000269e+04 1.770955825253328304e-07 1.928588359644546667e-08
3.332114663800000562e+04 1.744106197891194056e-07 2.230808783428242621e-08
3.336248801100000128e+04 1.748538556791155364e-07 2.531090556781665939e-08
3.340382938400000421e+04 1.785154499299097692e-07 2.045667834629833865e-08
3.344517075700000714e+04 1.840431055940987045e-07 1.607383939659296941e-08
3.348651213000000280e+04 1.891388447622346528e-07 2.450006574426695805e-08
3.352785350300000573e+04 1.915371494056930353e-07 3.226918001946619399e-08
3.356919487600000139e+04 1.901235242643626980e-07 3.059831968670054852e-08
3.361053624900000432e+04 1.856977616573593537e-07 2.143230439526828605e-08
3.365187762199999997e+04 1.805285583663877007e-07 1.980998531098427395e-08
3.369321899500000291e+04 1.773767751384062078e-07 3.163709058009512917e-08
3.373456036800000584e+04 1.783534857052869546e-07 3.963754064383996013e-08
3.377590174100000149e+04 1.837048346040845713e-07 3.677974634693395597e-08
3.381724311400000443e+04 1.915644901359545168e-07 2.570981198534521453e-08
3.385858448700000008e+04 1.987320858375295549e-07 1.951102945816264353e-08
3.389992586000000301e+04 2.020085688448834560e-07 2.526536237747896025e-08
3.394126723300000594e+04 1.998171886751477431e-07 2.782646170388869560e-08
3.398260860600000160e+04 1.929525211228183780e-07 2.236946945699286405e-08
3.402394997900000453e+04 1.841571818997195553e-07 1.998807370970942490e-08
3.406529135200000019e+04 1.771023522592102398e-07 3.244890734552944382e-08
3.410663272500000312e+04 1.748988174687088656e-07 4.523071955234332552e-08
3.414797409800000605e+04 1.787819668962284635e-07 4.837835631706434320e-08
3.418931547100000171e+04 1.875308379883499699e-07 4.040183116820899981e-08
3.423065684400000464e+04 1.978840746447071146e-07 2.665150370876893007e-08
3.427199821700000030e+04 2.058653602510210790e-07 1.832504122062444184e-08
3.431333959000000323e+04 2.085915060300896815e-07 2.060677059588222890e-08
3.435468096300000616e+04 2.053955992154639493e-07 2.273746648612043394e-08
3.439602233600000181e+04 1.980657878049649929e-07 2.503521646957833859e-08
3.443736370900000475e+04 1.900636787983714838e-07 3.523128989618124234e-08
3.447870508200000040e+04 1.849484527395361230e-07 4.994720507541352673e-08
3.452004645500000333e+04 1.849192424043515003e-07 6.063705917535003888e-08
3.456138782800000627e+04 1.899331883450817831e-07 6.216592829959087407e-08
3.460272920100000192e+04 1.977997935849925860e-07 5.449654521199890544e-08
3.464407057400000485e+04 2.052999963773263946e-07 4.291586000483362030e-08
3.468541194700000051e+04 2.096591671024765690e-07 3.546411917076495965e-08
3.472675332000000344e+04 2.097553987899742427e-07 3.463038925282594236e-08
3.476809469300000637e+04 2.064596812648845582e-07 3.570421547704172203e-08
3.480943606600000203e+04 2.017728679531354278e-07 3.918341898802986151e-08
3.485077743900000496e+04 1.978564601774645423e-07 4.898913228016331915e-08
3.489211881200000062e+04 1.963556180239189453e-07 6.157107581982534570e-08
3.493346018500000355e+04 1.979476701173703520e-07 6.975438074926872790e-08
3.497480155800000648e+04 2.019502779160199468e-07 6.972651143419845831e-08
3.501614293100000214e+04 2.067273277903195027e-07 6.299641603595537470e-08
3.505748430400000507e+04 2.104039549687212750e-07 5.508466478908057959e-08
3.509882567700000072e+04 2.116514262963562916e-07 5.080056245638385214e-08
3.514016705000000366e+04 2.101740638030183129e-07 4.967695586885315551e-08
3.518150842300000659e+04 2.067260328473634271e-07 5.031489436236126743e-08
3.522284979600000224e+04 2.025128586263198742e-07 5.552137005788441527e-08
3.526419116900000517e+04 1.989015619473307130e-07 6.591837224139088494e-08
3.530553254200000083e+04 1.972589450024951129e-07 7.549981076098909723e-08
3.534687391500000376e+04 1.984387435496099425e-07 7.820282035792339138e-08
3.538821528800000669e+04 2.021249006697430218e-07 7.320735825028296613e-08
3.542955666100000235e+04 2.067166007333709086e-07 6.512663019920153515e-08
3.547089803400000528e+04 2.102569511343554485e-07 5.973668041977644404e-08
3.551223940700000094e+04 2.112649876030131167e-07 5.786751910477491298e-08
3.555358078000000387e+04 2.092122651088647931e-07 5.708386864671488410e-08
3.559492215300000680e+04 2.048467688229724338e-07 5.815476253558817433e-08
3.563626352600000246e+04 1.998851268294160648e-07 6.293242326457759326e-08
3.567760489900000539e+04 1.963330082594530121e-07 6.866488571973941269e-08
3.571894627200000104e+04 1.959234543570795297e-07 7.066506555010966565e-08
3.576028764500000398e+04 1.990466915755187988e-07 6.753694142535793872e-08
3.580162901800000691e+04 2.043378264600767885e-07 6.249735719181711424e-08
3.584297039100000256e+04 2.092807122882278888e-07 6.029582582439395344e-08
3.588431176400000550e+04 2.114879054965467217e-07 6.134422691981154919e-08
3.592565313700000115e+04 2.100094214136996562e-07 6.197496538414303663e-08
3.596699451000000408e+04 2.056972396922312827e-07 6.077304496750761969e-08
3.600833588300000702e+04 2.004788408712898864e-07 6.025849293656940602e-08
3.604967725600000267e+04 1.963607652223736392e-07 6.201646569393001844e-08
3.609101862900000560e+04 1.947053922537194430e-07 6.340667678727484815e-08
3.613236000200000126e+04 1.959834865649482695e-07 6.159511569140273683e-08
3.617370137500000419e+04 1.996248803508656676e-07 5.792159970647992834e-08
3.621504274800000712e+04 2.039899951352528948e-07 5.675552773128021086e-08
3.625638412100000278e+04 2.069974827928889192e-07 5.946713677142788097e-08
3.629772549400000571e+04 2.070377172304678015e-07 6.215211178872877627e-08
3.633906686700000137e+04 2.040144034378907508e-07 6.133805707123038672e-08
3.638040824000000430e+04 1.996989648229119591e-07 5.786455615330050917e-08
3.642174961300000723e+04 1.966764852719046628e-07 5.524447208169904072e-08
3.646309098600000289e+04 1.967771220561497429e-07 5.454728815542594454e-08
3.650443235900000582e+04 2.001096369259290499e-07 5.320137859791819086e-08
3.654577373200000147e+04 2.051342333663814417e-07 5.028443143415798402e-08
3.658711510500000441e+04 2.095546899756794208e-07 4.967950664944787471e-08
3.662845647800000734e+04 2.113001293318796692e-07 5.486435692098885811e-08
3.666979785100000299e+04 2.094176335958965144e-07 6.194567535012346749e-08
3.671113922400000592e+04 2.046624509429603031e-07 6.505894249142885075e-08
3.675248059700000158e+04 1.993134975340398562e-07 6.300917874846179331e-08
3.679382197000000451e+04 1.959240013147880737e-07 5.927450652479122788e-08
3.683516334300000744e+04 1.961043164653712056e-07 5.676877619016167438e-08
3.687650471600000310e+04 1.998095504169576288e-07 5.371397505611331463e-08
3.691784608900000603e+04 2.052601688027751055e-07 4.852168738815354834e-08
3.695918746200000169e+04 2.098384649855316139e-07 4.635077727051334654e-08
3.700052883500000462e+04 2.115972313083325689e-07 5.381565787703369301e-08
3.704187020800000755e+04 2.102578152630997821e-07 6.556924982171645562e-08
3.708321158100000321e+04 2.070448757454083780e-07 7.259769760297584730e-08
3.712455295400000614e+04 2.037002591161121672e-07 7.218307611250504982e-08
3.716589432700000179e+04 2.014473572639794477e-07 6.774457238871457454e-08
3.720723570000000473e+04 2.007232781542043526e-07 6.368340360438655021e-08
3.724857707300000038e+04 2.016714649272945555e-07 5.988033140988284354e-08
3.728991844600000331e+04 2.041056014356002687e-07 5.395219662642218572e-08
3.733125981900000625e+04 2.071572866317374597e-07 4.855640977772518061e-08
3.737260119200000190e+04 2.095795955859650725e-07 5.174985863891181490e-08
3.741394256500000483e+04 2.107007313079517772e-07 6.304970762214214753e-08
3.745528393800000049e+04 2.104237588620326842e-07 7.348719318303842024e-08
3.749662531100000342e+04 2.089896180582127740e-07 7.847040801673657520e-08
3.753796668400000635e+04 2.069722909102561765e-07 7.907494914413365281e-08
3.757930805700000201e+04 2.051265602446477583e-07 7.805967444243144146e-08
3.762064943000000494e+04 2.044123979468703138e-07 7.615215657651172297e-08
3.766199080300000060e+04 2.055918878254489787e-07 7.219474884570089995e-08
3.770333217600000353e+04 2.085592359138712455e-07 6.721106255123652719e-08
3.774467354900000646e+04 2.122151944693303818e-07 6.599097258389912093e-08
3.778601492200000212e+04 2.151037702085868705e-07 7.115770044587458786e-08
3.782735629500000505e+04 2.163343635587366314e-07 7.882626056517175974e-08
3.786869766800000070e+04 2.158550197054884071e-07 8.423009013003970363e-08
3.791003904100000364e+04 2.140799056095440148e-07 8.598907574046255467e-08
3.795138041400000657e+04 2.115698545389950505e-07 8.518851481669675999e-08
3.799272178700000222e+04 2.092709246707399375e-07 8.304223549905488728e-08
3.803406316000000515e+04 2.082396073564456729e-07 7.982212538236798544e-08
3.807540453300000081e+04 2.088175934980402225e-07 7.615088102710137159e-08
3.811674590600000374e+04 2.103124045024602824e-07 7.431778451661844558e-08
3.815808727900000667e+04 2.114477266508776005e-07 7.634592572658506740e-08
3.819942865200000233e+04 2.115227563713597541e-07 8.098899285626856660e-08
3.824077002500000526e+04 2.108014676735771262e-07 8.555962154436586189e-08
3.828211139800000092e+04 2.100504782388758296e-07 8.892832608085211913e-08
3.832345277100000385e+04 2.099832591350184760e-07 9.123256931671742980e-08
3.836479414400000678e+04 2.110404119800195530e-07 9.251948438882563535e-08
3.840613551700000244e+04 2.133259095786261012e-07 9.274748072487733382e-08
3.844747689000000537e+04 2.161552017653709576e-07 9.214487231123925990e-08
3.848881826300000102e+04 2.182135525775499318e-07 9.132234018586415303e-08
3.853015963600000396e+04 2.185634752367093912e-07 9.125858208607019668e-08
3.857150100900000689e+04 2.170780766274313618e-07 9.277844338375524256e-08
3.861284238200000254e+04 2.143425097027679315e-07 9.571578653564891819e-08
3.865418375500000548e+04 2.115584709368581759e-07 9.903441795118173866e-08
3.869552512800000113e+04 2.100814379664842969e-07 1.016562172546770788e-07
3.873686650100000406e+04 2.107298486849091599e-07 1.030611779394282068e-07
3.877820787400000700e+04 2.133897443996262317e-07 1.035775537590572955e-07
3.881954924700000265e+04 2.169234959655887990e-07 1.039284594895060842e-07
3.886089062000000558e+04 2.196843624244753281e-07 1.043522447234242302e-07
3.890223199300000124e+04 2.203037400685442835e-07 1.044886191904501944e-07
3.894357336600000417e+04 2.183563130867673259e-07 1.042051592601959020e-07
3.898491473900000710e+04 2.146729651901828367e-07 1.039069797361959020e-07
3.902625611200000276e+04 2.108735242545621534e-07 1.039587814110567490e-07
3.906759748500000569e+04 2.085566276129957351e-07 1.045978155564025876e-07
3.910893885800000135e+04 2.086236981907492709e-07 1.063379261737403064e-07
3.915028023100000428e+04 2.110812904580966226e-07 1.096997776450314924e-07
3.919162160400000721e+04 2.149501239071369744e-07 1.143435099075569060e-07
3.923296297700000287e+04 2.185629913239980865e-07 1.187497975655437614e-07
3.927430435000000580e+04 2.204412338787377411e-07 1.210111890550527424e-07
3.931564572300000145e+04 2.198723835292008652e-07 1.204137985820639061e-07
3.935698709600000439e+04 2.169558744786869788e-07 1.179656851316521947e-07
3.939832846900000732e+04 2.125923066339022792e-07 1.152980777088042568e-07
3.943966984200000297e+04 2.084599723353593023e-07 1.136809483780313807e-07
3.948101121500000590e+04 2.064186607991905952e-07 1.142459722313885103e-07
3.952235258800000156e+04 2.075839656322506108e-07 1.180752852203979249e-07
3.956369396100000449e+04 2.120252018474294469e-07 1.249174785098169479e-07
3.960503533400000742e+04 2.184825010810722512e-07 1.322134458064612804e-07
3.964637670700000308e+04 2.244945665613244859e-07 1.367869807274143981e-07
3.968771808000000601e+04 2.275845510206133096e-07 1.372295849619193264e-07
3.972905945300000167e+04 2.266092818973965483e-07 1.345366547506518453e-07
3.977040082600000460e+04 2.222325182679583177e-07 1.308977829743535287e-07
3.981174219900000753e+04 2.164600316423256251e-07 1.282696029320246918e-07
3.985308357200000319e+04 2.119646192082119482e-07 1.283122724187357387e-07
3.989442494500000612e+04 2.111881807235464915e-07 1.326995183328142953e-07
3.993576631800000177e+04 2.149850695990814438e-07 1.413225073522217230e-07
3.997710769100000471e+04 2.219669824478716942e-07 1.506762425664310718e-07
4.001844906400000764e+04 2.289835214807903174e-07 1.561848115875157053e-07
4.005979043700000329e+04 2.324845889226728253e-07 1.557022928951388606e-07
4.010113181000000623e+04 2.304562920341297198e-07 1.504041044878509633e-07
4.014247318300000188e+04 2.236040013445105594e-07 1.433273931600563977e-07
4.018381455600000481e+04 2.150712156012747481e-07 1.375268553303938713e-07
4.022515592900000775e+04 2.088148264141389039e-07 1.355886877871766098e-07
4.026649730200000340e+04 2.076032999651438920e-07 1.396099351494244138e-07
4.030783867500000633e+04 2.119696557624604967e-07 1.494650708822418680e-07
4.034918004800000199e+04 2.200787651166417468e-07 1.612549539156085083e-07
4.039052142100000492e+04 2.283607761045423124e-07 1.694627930761545125e-07
4.043186279400000785e+04 2.330508558451392631e-07 1.703604599315098151e-07
4.047320416700000351e+04 2.319006195594706358e-07 1.640499892492699674e-07
4.051454554000000644e+04 2.251088414619488332e-07 1.541057988382429675e-07
4.055588691300000210e+04 2.153651285162376343e-07 1.454151058709588148e-07
4.059722828600000503e+04 2.069702785892083826e-07 1.420372814156604583e-07
4.063856965900000068e+04 2.039434975081529502e-07 1.461203830975653846e-07
4.067991103200000362e+04 2.077952086945537577e-07 1.572448802721940022e-07
4.072125240500000655e+04 2.167447152776715595e-07 1.715928891387039623e-07
4.076259377800000220e+04 2.267093323415162549e-07 1.830260111736453813e-07
4.080393515100000513e+04 2.330142504317990578e-07 1.863831795737007848e-07
4.084527652400000079e+04 2.323110915820803340e-07 1.803636063902325122e-07
4.088661789700000372e+04 2.242998591987013114e-07 1.681549679727457643e-07
4.092795927000000665e+04 2.122457927667134120e-07 1.560573957681270993e-07
4.096930064300000231e+04 2.016836798621855675e-07 1.502262528340404666e-07
4.101064201600000524e+04 1.978852148526121781e-07 1.537439832326972566e-07
4.105198338900000090e+04 2.029765422441169447e-07 1.655101206868274282e-07
4.109332476200000383e+04 2.148351548770941537e-07 1.808757460927805376e-07
4.113466613500000676e+04 2.280569836817868842e-07 1.934685032717808647e-07
4.117600750800000242e+04 2.363666852500373071e-07 1.978547919381109889e-07
4.121734888100000535e+04 2.356761250401646371e-07 1.922714553258343026e-07
4.125869025400000100e+04 2.261093930933407803e-07 1.794410629662829954e-07
4.130003162700000394e+04 2.119992627107724135e-07 1.653500556377070145e-07
4.134137300000000687e+04 1.998973119802411302e-07 1.563469892007160011e-07
4.138271437300000252e+04 1.956077274648629867e-07 1.563687977581411742e-07
4.142405574600000546e+04 2.015156016613387592e-07 1.653497120618259100e-07
4.146539711900000111e+04 2.154690234062370141e-07 1.793623052711869779e-07
4.150673849200000404e+04 2.313702747669172636e-07 1.920620566472215882e-07
4.154807986500000698e+04 2.417128149115033270e-07 1.975446003976735956e-07
4.158942123800000263e+04 2.411961624154125554e-07 1.932108494522169181e-07
4.163076261100000556e+04 2.295123642608462521e-07 1.810192451166248727e-07
4.167210398400000122e+04 2.115876574501285829e-07 1.664361875235740791e-07
4.171344535700000415e+04 1.954302152915718049e-07 1.559229934318380831e-07
4.175478673000000708e+04 1.884990123910656784e-07 1.542346421290886974e-07
4.179612810300000274e+04 1.942207662285816089e-07 1.625503332651501116e-07
4.183746947600000567e+04 2.102352093335473273e-07 1.776682838104700230e-07
4.187881084900000133e+04 2.293668477665634864e-07 1.933223321864364008e-07
4.192015222200000426e+04 2.431151900495577714e-07 2.030696659836265725e-07
4.196149359500000719e+04 2.455637953683634439e-07 2.031117940763919623e-07
4.200283496800000285e+04 2.356735939742406225e-07 1.937076829540387661e-07
4.204417634100000578e+04 2.178451180077757434e-07 1.787503882649581135e-07
4.208551771400000143e+04 1.999136924208565192e-07 1.641578305358179534e-07
4.212685908700000437e+04 1.895763892121447332e-07 1.558281016428394888e-07
4.216820046000000730e+04 1.909759080095863345e-07 1.575604091703986146e-07
4.220954183300000295e+04 2.031594110214667612e-07 1.692061447862728713e-07
4.225088320600000588e+04 2.206298746730560630e-07 1.860650926047669213e-07
4.229222457900000154e+04 2.356543184614307429e-07 2.006939565544607887e-07
4.233356595200000447e+04 2.415450160343756296e-07 2.064324174536686850e-07
