<!--
 Git information:
    i-PI version: unknown
      Remote URL: https://github.com/i-pi/i-pi.git
          Branch: main                    
     Last Commit: f5d94d4a2cbc6262d4730c8559e1ad81151cec4f

 Simulation information:
           Machine Name: ockham.pl.ucsd.edu
      Working Directory: /home/rrashmi/tutorials/QDMS/final/timecorrs/rpmd
          Date and Time: 2025-07-15 14:16:40
-->
<simulation verbosity='low'>
   <prng>
      <seed>3241</seed>
      <state>[{"bit_generator": "MT19937", "state": {"key": [2147483648, 83428680, 3894469769, 2336724211, 4178524872, 3397656085, 868418506, 803748908, 1303028909, 3253049492, 3563521934, 2090853963, 1853989702, 255120229, 98676136, 2801832932, 1231919722, 766508190, 366063224, 3730113313, 3679166220, 3898651761, 529737626, 1657229123, 3193464799, 1902254483, 3879871659, 1760432250, 3131987177, 2082910967, 2695258095, 2155136720, 2483937162, 3007006858, 2440139480, 3625402659, 357912978, 2169094104, 1784137054, 949378514, 3470623962, 2375663336, 3584679744, 557098336, 3434439282, 1919177781, 232123036, 1513813086, 530072479, 1410916137, 552053326, 1893223468, 900610281, 3414314387, 2133755943, 901042352, 2388626648, 479731305, 3994868981, 140091469, 4036544479, 2462989855, 2691507748, 59739563, 3733049862, 1544792482, 1009659527, 3295337694, 3043727532, 2302604719, 441857119, 1269725034, 110130583, 390208051, 2624038286, 753925947, 633270905, 2481608635, 3866970164, 630624370, 2372102244, 1769352263, 1839682574, 2719183975, 2108347373, 1484184679, 3348918677, 904471405, 3218201686, 2899193919, 2262648628, 252216988, 544225335, 3872968713, 2028797349, 2778229308, 1054624603, 1207180357, 94831630, 3478453600, 335930050, 857396619, 2390997898, 3272631636, 1569819030, 4212785259, 1345241287, 1018528225, 965810518, 3844795259, 3917153330, 822912616, 57517418, 737099998, 1349075136, 2234921154, 3772553115, 1578430469, 2476502677, 3600095377, 2847941959, 808876743, 3457480445, 2009083604, 3093887279, 74892455, 3804718734, 3395304772, 1717063903, 561804493, 346549262, 3700944163, 2801455421, 1165497833, 701210050, 3914601616, 3789823203, 2280084118, 2678595649, 1591964215, 3037967572, 2225003727, 282567838, 872140063, 2283448093, 2435429400, 967607813, 594480155, 3458389605, 2230279422, 875989055, 3222544272, 2055771919, 1397798817, 3419237412, 1141286546, 365207427, 1231684539, 3127464224, 791281549, 4046868145, 537227188, 2203944180, 3257975044, 685393949, 4145958287, 272769867, 964990656, 2603785525, 599624908, 3059857544, 982543556, 844437650, 2607233334, 2127138176, 3624188000, 1189852908, 4249559674, 3210883531, 3697431190, 4157347467, 1073233385, 2535355415, 3681684598, 756669342, 2942357905, 3622166796, 4031947334, 414872573, 397592419, 386858311, 2243075478, 3156800687, 3511392506, 2213117248, 289903603, 193325634, 30560579, 4155501990, 154292214, 2129271277, 1771364581, 1842751551, 3514414253, 2692993860, 1428671862, 940051009, 1078519724, 2883908323, 4292306662, 3499529535, 333970323, 285719360, 2865169110, 3325191227, 3367381042, 3729506764, 3215304532, 2780104796, 2420722653, 572831331, 1477051099, 3015819912, 331106840, 3453600862, 80139127, 947991848, 1039835598, 2367104976, 271100601, 2951165678, 1425312944, 3870127786, 1832198724, 769546551, 1934898176, 2495332476, 653051069, 3246602442, 4029380943, 3576837941, 259647560, 209189086, 1138459695, 1914911076, 2788914218, 364016827, 1964059925, 2134048693, 2426015339, 90782080, 2168236584, 3752002276, 3062518363, 1569861083, 3312313417, 1690433094, 1800452833, 268561576, 2416208816, 909813245, 3577803217, 1866125107, 3447300797, 1655954356, 2579280077, 3519287853, 1917150353, 935217785, 2114933342, 237909607, 3400219215, 917673397, 2881555184, 3311734476, 385994357, 1304451463, 2538629953, 4156579785, 2349385100, 4181348541, 3818642282, 1157494548, 2271900670, 3022391905, 3245649829, 3309808142, 3957156217, 666426431, 1699196662, 2436522643, 2527691677, 1375946436, 945075909, 3485323444, 2420060539, 1163091796, 3015225545, 2775932828, 3902171330, 280522367, 1388193007, 1102722803, 3629429296, 2752088078, 1733442659, 3612061154, 3640590347, 3045943498, 4006594782, 3737827779, 2616933119, 1042738337, 3154407157, 220147702, 2946632630, 3164822500, 2821252345, 1488301820, 2048405564, 2760448014, 326883018, 549986913, 3386105191, 2225559904, 901380392, 893627210, 156070281, 1211108151, 1720237049, 1790976809, 2116530675, 3784590931, 2534507328, 2835134133, 950102341, 430484655, 3040387081, 2180761682, 2217432671, 321351008, 2589441606, 3420646891, 3341096353, 774053284, 2266491878, 2271884931, 325973753, 626969881, 601224452, 373089141, 1814980490, 2899044684, 3208824051, 4010811065, 1166142389, 1676453163, 3547522531, 4263009041, 2537878784, 2507616624, 3545045052, 3639957532, 183112638, 4189727101, 560758589, 3463222053, 2142809308, 1246641225, 1737223354, 1006845098, 641505224, 2829447138, 928610632, 4017128057, 1023555334, 2307962135, 3869506642, 1028593062, 533646042, 4115981331, 2624650401, 4230940774, 135355189, 3299590700, 2036731095, 2415036251, 1005712965, 3401813252, 921409146, 2526261914, 1792463634, 425047122, 3392565063, 2625450900, 1668860844, 3687320079, 1403583481, 764807647, 765335418, 3984274044, 2045328600, 4153301031, 3382960855, 3631812670, 1919945313, 814881947, 2486054826, 1122885482, 3585696072, 41727381, 833744677, 3035336364, 545770070, 1770001097, 2806385634, 2489129946, 3934750006, 3430693845, 3356604197, 1180325533, 1028011991, 3958851838, 2600800321, 1337301426, 1891635121, 1442687764, 2147200431, 1783074944, 3775206228, 2534470745, 2985569680, 3832169581, 3746504830, 2106983231, 2455107745, 1290534316, 696028013, 311714205, 1487096743, 3854508856, 1293747180, 855774699, 948139671, 3720734338, 744950966, 649944308, 2426553478, 2155583740, 387284644, 3102955098, 194540844, 3653134457, 2651614877, 107523169, 1997567444, 393879677, 2244730042, 52770508, 3318850565, 3418417159, 1128758038, 2564176543, 680176494, 2163386869, 1463283206, 3610436251, 3405688458, 1665931531, 2870235909, 2557127267, 1650196191, 3045874187, 1390262828, 322080475, 4083352823, 3040203122, 3434767979, 1501673672, 4223233565, 2671199920, 1631885045, 2521852921, 303721006, 19233762, 476530422, 2316804894, 607170676, 2862860964, 2043942565, 876589270, 3241837166, 2538976146, 1283247661, 3420758701, 786426811, 3596313692, 465968375, 1280592125, 646473084, 1084144601, 3288195564, 1585557384, 1097618792, 2310592831, 2963738198, 3862350559, 3658087709, 574009201, 1758944262, 1583529515, 435274965, 3953240358, 2580179067, 2560848906, 1444422060, 894400136, 1013905663, 449841881, 2965641984, 1031648378, 1298859034, 346793794, 832119629, 310665027, 3849201983, 2167679357, 2607724426, 3176648272, 4279320096, 884576016, 815908309, 3619894148, 3003318035, 822880517, 4088034862, 2741951209, 241981085, 1199105169, 2144178009, 1905197001, 1928645669, 2150063982, 3103499871, 282057544, 2419686280, 3960729530, 2913778840, 1948881134, 3037961090, 402430197, 2076690051, 1786740856, 1398239270, 205842093, 1300345301, 3104503757, 2592246995, 1884329753, 2459186416, 722523927, 2269576311, 2112821062, 3358104796, 3756290723, 1760042745, 197647566, 1454582711, 47546450, 4019789160, 2987950321, 2044025281, 2371828248, 1911876901, 3578180367, 1649402987, 1940717355, 2726905656, 3432988214, 226663734, 975345637, 678970601, 3331573914, 3726371551, 389211189, 758632518, 2098545916, 2290770782, 2254107037, 130069393, 2925527081, 839368675, 115434470, 324806253, 2489822670, 1663708510, 2544286177, 1649677893, 1917183052, 1232357360, 102688153, 3613940633, 3581768852, 1084006664, 4197859953, 3098975847, 4157969052, 444914976, 81924453, 2522537451, 413210888, 477517378, 3547112875, 1872804145, 881861017, 1609154989, 503597571, 1748009793, 834290003, 2968593829, 778342051, 322432358, 115927969, 3751391485], "pos": 623}}]</state>
   </prng>
   <output prefix='simulation'>
      <properties shape='(7)' stride='200'>
       [ step, time{picosecond}, conserved, temperature{kelvin}, kinetic_md{electronvolt}, 
         kinetic_cv{electronvolt}, potential{electronvolt} ]
      </properties>
      <trajectory filename='xc' stride='4'>x_centroid{angstrom}</trajectory>
      <trajectory filename='vc' stride='4'>v_centroid</trajectory>
   </output>
   <step>40000</step>
   <total_steps>40000</total_steps>
   <ffsocket mode='unix' name='driver'>
      <address>oh-rpmd</address>
      <latency>  1.00000000e-10</latency>
   </ffsocket>
   <system>
      <forces>
         <force forcefield='driver'>
         </force>
      </forces>
      <ensemble>
         <temperature>  3.45182857e-04</temperature>
         <hamiltonian_weights shape='(1)'> [   1.00000000e+00 ] </hamiltonian_weights>
         <time>  4.13413730e+05</time>
      </ensemble>
      <motion mode='dynamics'>
         <fixcom>False</fixcom>
         <dynamics>
            <timestep>  1.03353433e+01</timestep>
            <nmts shape='(1)'> [ 1 ] </nmts>
         </dynamics>
      </motion>
      <beads natoms='2' nbeads='32'>
         <q shape='(32, 6)'>
          [  -5.64838685e+01,   2.66249283e+01,  -4.02869195e+00,  -5.75451910e+01,   2.80156535e+01, 
             -3.86944939e+00,  -5.65384860e+01,   2.66100522e+01,  -3.95365601e+00,  -5.76724261e+01, 
              2.78824208e+01,  -3.59742385e+00,  -5.65221380e+01,   2.66590421e+01,  -3.93101833e+00, 
             -5.74177191e+01,   2.80016243e+01,  -3.49606686e+00,  -5.65429874e+01,   2.65846465e+01, 
             -3.95504572e+00,  -5.76326553e+01,   2.80110438e+01,  -3.24339691e+00,  -5.64462470e+01, 
              2.65675483e+01,  -3.96356003e+00,  -5.80780301e+01,   2.79717291e+01,  -3.77935759e+00, 
             -5.65630508e+01,   2.66133090e+01,  -3.92395313e+00,  -5.80206407e+01,   2.76340628e+01, 
             -4.06547827e+00,  -5.65391397e+01,   2.66756417e+01,  -4.02345194e+00,  -5.81160719e+01, 
              2.75107231e+01,  -4.28722333e+00,  -5.65136684e+01,   2.66122549e+01,  -4.03910018e+00, 
             -5.79979981e+01,   2.75507031e+01,  -4.29342991e+00,  -5.65530074e+01,   2.67117699e+01, 
             -4.02281765e+00,  -5.81156158e+01,   2.78260107e+01,  -4.18475548e+00,  -5.64247045e+01, 
              2.66955509e+01,  -4.01147338e+00,  -5.80612914e+01,   2.77167123e+01,  -3.99566718e+00, 
             -5.63727430e+01,   2.67462594e+01,  -4.11818073e+00,  -5.78290956e+01,   2.76282272e+01, 
             -4.20505031e+00,  -5.62919192e+01,   2.66516090e+01,  -4.13733690e+00,  -5.76660985e+01, 
              2.77490366e+01,  -3.70499816e+00,  -5.63877352e+01,   2.66288869e+01,  -4.04000368e+00, 
             -5.75674937e+01,   2.81856437e+01,  -3.64486651e+00,  -5.63694566e+01,   2.65425683e+01, 
             -4.06413982e+00,  -5.75442252e+01,   2.80243918e+01,  -4.00548655e+00,  -5.63958503e+01, 
              2.64621271e+01,  -4.02591522e+00,  -5.76036572e+01,   2.78330661e+01,  -4.16387529e+00, 
             -5.64216202e+01,   2.64962596e+01,  -3.91762551e+00,  -5.77489095e+01,   2.78280645e+01, 
             -4.34151856e+00,  -5.63519716e+01,   2.65898315e+01,  -3.95945774e+00,  -5.75896773e+01, 
              2.81396786e+01,  -4.41344249e+00,  -5.63653189e+01,   2.65663371e+01,  -3.97322206e+00, 
             -5.76758365e+01,   2.80371099e+01,  -4.21468181e+00,  -5.64064641e+01,   2.66050161e+01, 
             -3.88384869e+00,  -5.76207923e+01,   2.79920104e+01,  -4.20537324e+00,  -5.64025285e+01, 
              2.66493127e+01,  -3.98078412e+00,  -5.76616435e+01,   2.78818900e+01,  -3.88852663e+00, 
             -5.64428097e+01,   2.66231909e+01,  -3.89550483e+00,  -5.74925459e+01,   2.79837887e+01, 
             -4.20965668e+00,  -5.63761126e+01,   2.66572329e+01,  -3.91841713e+00,  -5.75282048e+01, 
              2.79350686e+01,  -4.13925164e+00,  -5.63771166e+01,   2.66727491e+01,  -3.91206915e+00, 
             -5.74657209e+01,   2.79372005e+01,  -3.92015345e+00,  -5.63932846e+01,   2.67008261e+01, 
             -3.90450382e+00,  -5.77654634e+01,   2.80274528e+01,  -3.79223193e+00,  -5.64550588e+01, 
              2.67708987e+01,  -3.92267370e+00,  -5.75452868e+01,   2.82127491e+01,  -3.84583378e+00, 
             -5.64685992e+01,   2.67654280e+01,  -3.82055898e+00,  -5.79324189e+01,   2.77631375e+01, 
             -3.79188966e+00,  -5.65131222e+01,   2.67431088e+01,  -3.86748445e+00,  -5.75788151e+01, 
              2.79993026e+01,  -3.70536993e+00,  -5.65180492e+01,   2.68373509e+01,  -3.87801948e+00, 
             -5.79247127e+01,   2.80062939e+01,  -3.98193904e+00,  -5.65047834e+01,   2.68179292e+01, 
             -4.00422322e+00,  -5.78248660e+01,   2.79625789e+01,  -3.89034027e+00,  -5.64276462e+01, 
              2.68521299e+01,  -4.00807731e+00,  -5.78349837e+01,   2.79981532e+01,  -3.88224676e+00, 
             -5.64110417e+01,   2.67758845e+01,  -4.06503374e+00,  -5.77251637e+01,   2.77934675e+01, 
             -3.81783036e+00,  -5.64432211e+01,   2.67354793e+01,  -4.08616114e+00,  -5.76641991e+01, 
              2.79854152e+01,  -3.61498342e+00 ]
         </q>
         <p shape='(32, 6)'>
          [   2.70844451e+01,   5.25749377e+00,  -2.22543932e+01,  -3.56861602e+00,   4.56043763e+00, 
             -7.54920850e-01,  -2.30044113e+01,   2.12968522e+01,   2.08283634e+00,  -4.30025366e+00, 
              5.78371211e+00,  -4.61454483e+00,   1.12924204e+01,   2.87789340e+01,  -1.51202560e+01, 
              3.31166489e+00,   8.78320187e-01,  -6.65899478e+00,  -1.73712808e+01,  -1.28181836e+01, 
             -2.43577933e+01,   3.98969819e+00,  -6.21483228e+00,   3.53467982e-01,   3.97472896e+00, 
             -1.40159780e+01,  -1.58771767e+01,  -7.44165797e+00,   2.03579756e+00,  -6.40972042e+00, 
             -2.21403422e+01,  -2.35183833e+01,   2.64662074e+01,   5.78165546e+00,  -2.19015230e+00, 
              1.83835619e+00,  -1.13771614e+01,  -4.95709217e+00,  -6.11048127e+00,  -8.43265184e+00, 
              4.96370323e+00,   5.94835650e+00,  -2.13841686e+01,  -1.98401155e+01,   5.69521981e+00, 
              2.81331167e+00,  -1.37140445e-01,  -9.38163431e+00,   7.55662999e+00,   1.45231700e+01, 
              2.76512313e+01,  -7.36323711e+00,  -3.31036290e+00,   6.08910763e-01,  -7.64863059e+00, 
             -3.40504644e+00,   9.07655454e+00,   4.13820483e-01,   3.49419733e+00,  -4.70348764e+00, 
             -1.03266691e+01,  -2.86144118e+00,   1.66578069e+01,   8.79431674e-01,  -6.22466444e+00, 
              2.76513397e+00,  -2.07239799e+01,   1.00000256e+01,  -3.05905161e+01,  -4.02890572e+00, 
             -6.68172260e-01,  -3.22202344e-01,   4.84762516e+00,  -1.17922721e+01,   1.89242135e+01, 
             -5.42789733e+00,   1.45326880e+00,  -1.71528145e+00,   1.10604047e+01,  -1.94978256e+01, 
             -1.96493462e+00,  -2.30447716e+00,  -2.60039958e+00,  -5.44749138e-02,   1.88321599e+01, 
             -1.68924458e+01,   1.72993790e+01,  -4.81350384e+00,  -4.16290365e+00,   6.17389558e+00, 
              7.98294561e+00,   6.46621591e+00,  -2.29727307e+01,   1.11286095e+00,   1.18983792e+00, 
              8.56133134e+00,   1.79145398e+01,   6.30025517e+00,   9.90095003e+00,   1.16797001e-01, 
              5.54143288e+00,   2.29017659e+00,   2.89780213e+01,   4.66011428e+00,  -3.43275365e+01, 
              6.00171192e+00,  -1.67472487e+00,  -6.61568497e+00,  -5.24325739e+01,   2.03083339e+01, 
             -1.06466138e+01,   9.61963633e+00,  -2.28775524e+00,   1.07446575e+00,  -2.41504447e+01, 
              2.74323361e+01,   1.43317233e+01,   2.18790454e+00,  -3.89073779e+00,   8.11016174e+00, 
              6.08930369e+00,   2.37986813e+01,  -1.32986091e+00,  -2.77436297e-01,   9.28210999e+00, 
              1.46471065e+00,  -3.01839923e+00,  -1.54573881e+01,  -1.08522327e+01,   2.32443216e+00, 
              4.24765738e+00,  -2.25540135e+00,   3.28940015e+00,   9.20086495e+00,  -1.17992784e+01, 
             -3.25715777e+00,  -4.92441433e+00,   5.09962763e+00,  -1.93201639e+01,   3.05932797e+01, 
              1.06809674e+01,  -8.61961955e+00,  -2.34285841e+00,   4.63956212e+00,  -2.81955235e+01, 
             -1.69984561e+01,   1.89070673e+01,   4.67206056e-01,  -7.60022928e+00,   2.28388753e+00, 
              4.98009818e+00,   1.06188229e+01,  -1.34613047e+01,  -1.43479813e+00,   1.58918717e+00, 
              7.79483192e-01,  -1.32952982e+01,   2.72948631e+01,  -8.63762940e+00,  -1.33541303e+01, 
              3.20573611e-02,  -1.32553550e+00,  -1.66548534e+00,  -2.78106311e+01,   9.74675276e+00, 
              6.81083203e+00,  -4.70665147e+00,  -1.05529380e+00,   1.84481114e+00,   2.98650969e+01, 
              1.19962322e+01,  -3.88298373e+00,   6.38546189e-01,  -9.53529021e+00,  -2.44080685e+01, 
             -2.95576980e+01,   1.02399899e+01,  -4.18044817e-01,   1.52490900e+00,  -8.15410927e-01, 
              6.91865777e+00,   1.40025412e+01,  -1.12241390e+01,   4.04960051e+00,   4.88791698e+00, 
              1.97109053e-01,   2.04957638e+01,  -1.66368437e+01,   1.41371441e+01,  -3.90437815e+00, 
              5.07060167e+00,   2.81409006e+00 ]
         </p>
         <m shape='(2)'> [   2.91651223e+04,   1.83736223e+03 ] </m>
         <names shape='(2)'> [ O, H ] </names>
      </beads>
      <cell shape='(3, 3)'>
       [   1.88972610e+02,   1.15712351e-14,   1.15712351e-14,   0.00000000e+00,   1.88972610e+02, 
           1.15712351e-14,   0.00000000e+00,   0.00000000e+00,   1.88972610e+02 ]
      </cell>
   </system>
</simulation>
