0.000000000000000000e+00 1.052021706924905571e-06 1.449945667022220469e-07
4.134137300000000437e+01 9.058176104072517535e-07 1.184383585193487421e-07
8.268274600000000873e+01 5.416962113600609540e-07 5.884201141911582507e-08
1.240241190000000131e+02 1.285538237674531636e-07 6.677759608273200527e-08
1.653654920000000175e+02 -1.555308526617503504e-07 1.168345707984480660e-07
2.067068650000000218e+02 -1.909056666560870065e-07 1.262528815863264010e-07
2.480482380000000262e+02 3.095441003696071157e-08 9.147475721353590304e-08
2.893896110000000590e+02 4.012847125385202517e-07 6.122216539741836303e-08
3.307309840000000349e+02 7.463492435958179733e-07 1.035855250045436926e-07
3.720723570000000109e+02 9.053476258300108718e-07 1.414419898269260163e-07
4.134137300000000437e+02 8.048689426370691567e-07 1.342061493724288613e-07
4.547551030000000765e+02 4.931851730638153540e-07 8.780353883649440313e-08
4.960964760000000524e+02 1.112262746677210693e-07 5.512740737688807282e-08
5.374378490000000284e+02 -1.750450982390884182e-07 9.145459483870252741e-08
5.787792220000001180e+02 -2.462689684654906185e-07 1.190494225952006470e-07
6.201205950000000939e+02 -7.916608514182314641e-08 1.094320809660371811e-07
6.614619680000000699e+02 2.458174860380069502e-07 8.096898232109310689e-08
7.028033410000000458e+02 5.805843151685676667e-07 9.258494533493820555e-08
7.441447140000000218e+02 7.754623474165704069e-07 1.328185602495132862e-07
7.854860870000001114e+02 7.470648847862406539e-07 1.465232782713067148e-07
8.268274600000000873e+02 5.145197915519425639e-07 1.190962461273254522e-07
8.681688330000000633e+02 1.867935873278727250e-07 7.184638817008725804e-08
9.095102060000001529e+02 -8.875313143817178420e-08 7.145102679466727674e-08
9.508515790000001289e+02 -1.904575047102447740e-07 1.076091997489000922e-07
9.921929520000001048e+02 -7.417208582836025285e-08 1.163911596433100430e-07
1.033534325000000081e+03 2.081488844616415550e-07 9.095767091167693375e-08
1.074875698000000057e+03 5.324456514271518133e-07 7.398973039724563039e-08
1.116217071000000033e+03 7.575709473083248840e-07 1.059649709875063933e-07
1.157558444000000236e+03 7.883861943165854910e-07 1.312625562365965048e-07
1.198899817000000212e+03 6.199340260978628641e-07 1.161182722619591154e-07
1.240241190000000188e+03 3.373263203302400494e-07 6.533780523815152523e-08
1.281582563000000164e+03 7.338998048080121024e-08 4.373920781838328394e-08
1.322923936000000140e+03 -5.096439674938632681e-08 9.165300267220951678e-08
1.364265309000000116e+03 2.007060878837977592e-08 1.151021673417143504e-07
1.405606682000000092e+03 2.530726268503515948e-07 9.978856710495836582e-08
1.446948055000000068e+03 5.423718975401392567e-07 7.240901898553581344e-08
1.488289428000000044e+03 7.582843402805069827e-07 8.660915072783763018e-08
1.529630801000000247e+03 8.067044262606947236e-07 1.133726479361120758e-07
1.570972174000000223e+03 6.716356144987926844e-07 1.085617324870210584e-07
1.612313547000000199e+03 4.185092369855324043e-07 6.816692810452722181e-08
1.653654920000000175e+03 1.613900128248656534e-07 3.291825601417731279e-08
1.694996293000000151e+03 1.051128216665594377e-08 7.571065619818505495e-08
1.736337666000000127e+03 2.337047119038498638e-08 1.085545665567713881e-07
1.777679039000000103e+03 1.831838047907416371e-07 1.063911042214828596e-07
1.819020412000000306e+03 4.101027315765942861e-07 8.085750163697130246e-08
1.860361785000000282e+03 5.976688570141127474e-07 7.473794489714807440e-08
1.901703158000000258e+03 6.615563788445940146e-07 9.948795223290349631e-08
1.943044531000000234e+03 5.761805807852755117e-07 1.112800789701915572e-07
1.984385904000000210e+03 3.816191033443433782e-07 9.460052690329365877e-08
2.025727277000000186e+03 1.621770686063821706e-07 7.175502912355755194e-08
2.067068650000000162e+03 7.986578920443223315e-09 8.611614173488845545e-08
2.108410023000000365e+03 -2.211612272685629997e-08 1.143546905221361700e-07
2.149751396000000113e+03 7.751002176010352484e-08 1.184389064621164888e-07
2.191092769000000317e+03 2.581886093136006554e-07 9.400312300688204434e-08
2.232434142000000065e+03 4.387529556364474345e-07 7.320699355220153336e-08
2.273775515000000269e+03 5.412828120328313378e-07 9.481671640153075087e-08
2.315116888000000472e+03 5.240534027762802223e-07 1.204559550967289646e-07
2.356458261000000221e+03 3.987580977965210746e-07 1.202196226519942731e-07
2.397799634000000424e+03 2.238163395479278617e-07 1.014367747619310154e-07
2.439141007000000172e+03 7.690371288574707694e-08 9.647289595215030111e-08
2.480482380000000376e+03 2.180499716993240971e-08 1.143784789849406780e-07
2.521823753000000124e+03 8.255590444830819895e-08 1.214851314250212055e-07
2.563165126000000328e+03 2.335654305374164237e-07 1.000288807654004018e-07
2.604506499000000076e+03 4.109042607479700103e-07 6.905088807552987968e-08
2.645847872000000280e+03 5.410265668191052174e-07 7.917703916589509928e-08
2.687189245000000483e+03 5.736939833876975610e-07 1.076389993062653406e-07
2.728530618000000231e+03 5.029293168765028361e-07 1.122474178321758336e-07
2.769871991000000435e+03 3.671787218384384768e-07 9.203874803749255706e-08
2.811213364000000183e+03 2.309828620151409523e-07 8.017429865995436150e-08
2.852554737000000387e+03 1.552477902894852300e-07 1.011286676818429952e-07
2.893896110000000135e+03 1.707656497820112365e-07 1.189360016610502182e-07
2.935237483000000339e+03 2.684582089739099803e-07 1.093078221192482014e-07
2.976578856000000087e+03 4.052166393237244074e-07 8.028910045810488265e-08
3.017920229000000290e+03 5.217879876991951710e-07 7.053158013709771973e-08
3.059261602000000494e+03 5.704691500945910140e-07 9.117307635028593870e-08
3.100602975000000242e+03 5.361949532917801455e-07 1.033441373590674401e-07
3.141944348000000446e+03 4.374736285241005153e-07 9.562053399117142531e-08
3.183285721000000194e+03 3.139051501884002633e-07 8.677465577835914259e-08
3.224627094000000398e+03 2.109047621069661050e-07 9.772237399803059539e-08
3.265968467000000146e+03 1.633901716994860754e-07 1.143616543724241254e-07
3.307309840000000349e+03 1.826603764148000379e-07 1.161370024691696406e-07
3.348651213000000553e+03 2.541024520459435234e-07 9.882578301571698217e-08
3.389992586000000301e+03 3.451708009834921819e-07 7.892407655797992016e-08
3.431333959000000505e+03 4.183388283140512389e-07 8.340131424893665130e-08
3.472675332000000253e+03 4.448880991245421608e-07 1.066815534046574920e-07
3.514016705000000456e+03 4.130226312391503726e-07 1.258671105877245572e-07
3.555358078000000205e+03 3.300228687436454433e-07 1.308159049864920722e-07
3.596699451000000408e+03 2.225397474624195471e-07 1.246838346635477835e-07
3.638040824000000612e+03 1.292012700972301908e-07 1.189863922511660576e-07
3.679382197000000360e+03 8.485314496958796571e-08 1.179439542726783079e-07
3.720723570000000564e+03 1.070715260460701967e-07 1.107243496510819481e-07
3.762064943000000312e+03 1.891542526756944231e-07 9.244749209768985026e-08
3.803406316000000515e+03 3.004550376452060407e-07 8.467418029267935624e-08
3.844747689000000264e+03 3.971362264683049183e-07 1.093921977179698135e-07
3.886089062000000467e+03 4.390818322283931301e-07 1.410475078733412531e-07
3.927430435000000216e+03 4.068164305396352736e-07 1.517996678137560461e-07
3.968771808000000419e+03 3.125848497437852138e-07 1.361371979922740540e-07
4.010113181000000623e+03 1.965362959656653297e-07 1.131866775683616348e-07
4.051454554000000371e+03 1.094998081555333275e-07 1.108956510035852990e-07
4.092795927000000574e+03 9.270852245333947108e-08 1.207634260654420212e-07
4.134137300000000323e+03 1.593643466383667856e-07 1.160323237159209920e-07
4.175478673000000526e+03 2.864439895184715474e-07 9.561419416094197816e-08
4.216820046000000730e+03 4.244073077237095544e-07 8.925617615662546298e-08
4.258161419000000024e+03 5.180891987550527443e-07 1.120206048366084074e-07
4.299502792000000227e+03 5.294968916070854754e-07 1.299235075231091295e-07
4.340844165000000430e+03 4.546650218725554515e-07 1.205437419647006839e-07
4.382185538000000633e+03 3.263143920567644015e-07 9.356624463456503304e-08
4.423526911000000837e+03 2.003959963153414214e-07 9.100507545848672587e-08
4.464868284000000131e+03 1.323427975077480379e-07 1.181666851440571143e-07
4.506209657000000334e+03 1.530203240981882582e-07 1.311309982354859366e-07
4.547551030000000537e+03 2.549626345188329594e-07 1.119628657253767233e-07
4.588892403000000741e+03 3.947973627499533110e-07 7.685137595195838747e-08
4.630233776000000944e+03 5.109367363891254666e-07 8.025474239682866589e-08
4.671575149000000238e+03 5.500227426728378076e-07 1.130730975102347313e-07
4.712916522000000441e+03 4.904641490999205343e-07 1.213595958434376988e-07
4.754257895000000644e+03 3.529435450521589433e-07 9.658838098603692334e-08
4.795599268000000848e+03 1.932026309817955392e-07 7.619025310530557178e-08
4.836940641000000142e+03 7.810977707511375781e-08 1.012964320679374038e-07
4.878282014000000345e+03 5.546920125963026902e-08 1.244495490708124155e-07
4.919623387000000548e+03 1.328956910746745223e-07 1.115388213440661360e-07
4.960964760000000751e+03 2.738944638664844925e-07 7.209229929187411422e-08
5.002306133000000955e+03 4.127965047019587701e-07 7.629687863361343303e-08
5.043647506000000249e+03 4.837026157747471356e-07 1.248323599465974559e-07
5.084988879000000452e+03 4.504376489155447242e-07 1.467911858517498257e-07
5.126330252000000655e+03 3.238827347908721519e-07 1.266920884960889682e-07
5.167671625000000859e+03 1.587389303534635803e-07 8.827455779439122178e-08
5.209012998000000152e+03 2.861323588635799865e-08 8.454758779145674106e-08
5.250354371000000356e+03 -8.712993928673345451e-09 1.050720161678554153e-07
5.291695744000000559e+03 6.255800021153672123e-08 1.016025773516124828e-07
5.333037117000000762e+03 2.099933365256815852e-07 7.540322090534659395e-08
5.374378490000000966e+03 3.675692318139960864e-07 7.876493740487711722e-08
5.415719863000000259e+03 4.647648159500186378e-07 1.175603305110193656e-07
5.457061236000000463e+03 4.589472781671833821e-07 1.373407947749494700e-07
5.498402609000000666e+03 3.558636626809487462e-07 1.201190482427693113e-07
5.539743982000000869e+03 2.062203875261473569e-07 8.164460631023967485e-08
5.581085355000000163e+03 8.056116479335251402e-08 6.912366356888249378e-08
5.622426728000000367e+03 3.718532349113282964e-08 8.983705602306410200e-08
5.663768101000000570e+03 9.709061840337519116e-08 9.641388831472186417e-08
5.705109474000000773e+03 2.347796019518379192e-07 7.781673773923421409e-08
5.746450847000000977e+03 3.901763999968414483e-07 5.970980120294787927e-08
5.787792220000000270e+03 4.967213002698307307e-07 7.573460754302097726e-08
5.829133593000000474e+03 5.103536743195593793e-07 9.327360878290416164e-08
5.870474966000000677e+03 4.276574780882326322e-07 8.496135635691506367e-08
5.911816339000000880e+03 2.877458631639342212e-07 5.673057382025490700e-08
5.953157712000000174e+03 1.551547743811063176e-07 5.299628572571642350e-08
5.994499085000000377e+03 8.948272441982937825e-08 8.356755881980983342e-08
6.035840458000000581e+03 1.183734853166271722e-07 1.009367942556523242e-07
6.077181831000000784e+03 2.271344476749210481e-07 9.008487586604138454e-08
6.118523204000000987e+03 3.664544102011042154e-07 6.109110217243432228e-08
6.159864577000000281e+03 4.733352728446551971e-07 5.156570129363131715e-08
6.201205950000000485e+03 4.980782718360815510e-07 7.022358864567895680e-08
6.242547323000000688e+03 4.263469648590913094e-07 7.550790252043480940e-08
6.283888696000000891e+03 2.866782991157250233e-07 5.880557612179480905e-08
6.325230069000001095e+03 1.386204199050782798e-07 4.824091490608782033e-08
6.366571442000000388e+03 4.529352682539591702e-08 6.949096396692222368e-08
6.407912815000000592e+03 4.472756748447805639e-08 8.667043939943698014e-08
6.449254188000000795e+03 1.337478594013297747e-07 7.989360275581166728e-08
6.490595561000000998e+03 2.696148287166980626e-07 5.625390191352947413e-08
6.531936934000000292e+03 3.884403952967846280e-07 5.417616847857901716e-08
6.573278307000000495e+03 4.339850614255676840e-07 8.026871397779051534e-08
6.614619680000000699e+03 3.835167248652250018e-07 9.431135466141919326e-08
6.655961053000000902e+03 2.584285516988848764e-07 8.596221247387309898e-08
6.697302426000001105e+03 1.143060192931890403e-07 6.992124355696259952e-08
6.738643799000000399e+03 1.510176754049155524e-08 6.958976011067366175e-08
6.779985172000000603e+03 4.098568189623707934e-09 7.846158710927298300e-08
6.821326545000000806e+03 8.491637778198846194e-08 7.671697336043776395e-08
6.862667918000001009e+03 2.203581949269069193e-07 6.275979007523291718e-08
6.904009291000000303e+03 3.493813210776236842e-07 5.692385498496065621e-08
6.945350664000000506e+03 4.150944632232051292e-07 7.189565795427881674e-08
6.986692037000000710e+03 3.906488110376020645e-07 8.478104874655846686e-08
7.028033410000000913e+03 2.901690636519146721e-07 8.188589373247995187e-08
7.069374783000001116e+03 1.617841516673104823e-07 6.910507501775763859e-08
7.110716156000000410e+03 6.559899070684311233e-08 6.417777290628487471e-08
7.152057529000000613e+03 4.552197184965283632e-08 7.248996388386762490e-08
7.193398902000000817e+03 1.100422372857258784e-07 7.877243170884705318e-08
7.234740275000001020e+03 2.305511137047502294e-07 7.284497110437914432e-08
7.276081648000001223e+03 3.549702548376373168e-07 5.799767216714138737e-08
7.317423021000000517e+03 4.304041867185443824e-07 4.898099429919374722e-08
7.358764394000000721e+03 4.265561409047799509e-07 5.211777789728734149e-08
7.400105767000000924e+03 3.486199816642644576e-07 5.264629330428565873e-08
7.441447140000001127e+03 2.337531929660538054e-07 4.549686100229756932e-08
7.482788513000000421e+03 1.338208680539788044e-07 4.560131304076718921e-08
7.524129886000000624e+03 9.207256821143348034e-08 6.427253265880338543e-08
7.565471259000000828e+03 1.241420366583673423e-07 8.506205897248496841e-08
7.606812632000001031e+03 2.123590160402651482e-07 9.278867203391093683e-08
7.648154005000001234e+03 3.150390440126407164e-07 8.365723750078795956e-08
7.689495378000000528e+03 3.851411060670596595e-07 6.473251497683089829e-08
7.730836751000000731e+03 3.908552492925483633e-07 5.053825989432471458e-08
7.772178124000000935e+03 3.294149733801492040e-07 4.952848754492138659e-08
7.813519497000001138e+03 2.280909874234178538e-07 5.263813990481616433e-08
7.854860870000000432e+03 1.309410420751264502e-07 5.508374402062734659e-08
7.896202243000000635e+03 7.769611728809746229e-08 6.214602972277156489e-08
7.937543616000000839e+03 8.671829107848471580e-08 7.363047747012697758e-08
7.978884989000001042e+03 1.489080220086651465e-07 8.068711372936519431e-08
8.020226362000001245e+03 2.326522746189006097e-07 7.617071703271068533e-08
8.061567735000000539e+03 2.982447388580130724e-07 6.182600337727841229e-08
8.102909108000000742e+03 3.159753631345770334e-07 5.165745328398634368e-08
8.144250481000000946e+03 2.787021684394501729e-07 6.198852452226043187e-08
8.185591854000001149e+03 2.044570570027431003e-07 8.089442956364086018e-08
8.226933227000001352e+03 1.274692672334108380e-07 9.078780389351407096e-08
8.268274600000000646e+03 8.046508075815833148e-08 8.624226227870068967e-08
8.309615973000001759e+03 8.027792409060003521e-08 7.463458332956753870e-08
8.350957346000001053e+03 1.235195952366735490e-07 7.161701731922965221e-08
8.392298719000000347e+03 1.893780509431288214e-07 7.744775786808078792e-08
8.433640092000001459e+03 2.486360143389238506e-07 7.599517243857587418e-08
8.474981465000000753e+03 2.771396347364320449e-07 6.237692572931880249e-08
8.516322838000000047e+03 2.662673997864230839e-07 5.515271937618553385e-08
8.557664211000001160e+03 2.252230954943475971e-07 7.232309521333971913e-08
8.599005584000000454e+03 1.750301233622886929e-07 8.946695513839648684e-08
8.640346957000001566e+03 1.384512990547050136e-07 8.600072016083574797e-08
8.681688330000000860e+03 1.309226815688770895e-07 6.625141595120846938e-08
8.723029703000000154e+03 1.549248378627179165e-07 6.531200011570959365e-08
8.764371076000001267e+03 1.993391599341318929e-07 9.176035743869885803e-08
8.805712449000000561e+03 2.452266665180479534e-07 1.072197695892210517e-07
8.847053822000001674e+03 2.742890110917532712e-07 9.370917714839919536e-08
8.888395195000000967e+03 2.759096747228703801e-07 5.683426469863907737e-08
8.929736568000000261e+03 2.516533262947370270e-07 3.550752484488421974e-08
8.971077941000001374e+03 2.140877009885830067e-07 5.788396469424716832e-08
9.012419314000000668e+03 1.798134089318522007e-07 6.640426302287374559e-08
9.053760687000001781e+03 1.625227547468287245e-07 5.529481167238911583e-08
9.095102060000001075e+03 1.681518743285529120e-07 6.474132055701714447e-08
9.136443433000000368e+03 1.923561391202982463e-07 1.009486281576734759e-07
9.177784806000001481e+03 2.226922390629428197e-07 1.231399734534812543e-07
9.219126179000000775e+03 2.442561167471016785e-07 1.117514349973712686e-07
9.260467552000001888e+03 2.460316335068365449e-07 6.905947091277061259e-08
9.301808925000001182e+03 2.262626409438965483e-07 2.752720424754073448e-08
9.343150298000000475e+03 1.934773362839291304e-07 5.684998566459425434e-08
9.384491671000001588e+03 1.612731780124921492e-07 7.842113014208771854e-08
9.425833044000000882e+03 1.417873568733086954e-07 6.980657381150806504e-08
9.467174417000000176e+03 1.411774475223230533e-07 5.397614374820939060e-08
9.508515790000001289e+03 1.572676253978459411e-07 7.168144057857097627e-08
9.549857163000000583e+03 1.804323310258132962e-07 9.433424804583210823e-08
9.591198536000001695e+03 1.980013856358669926e-07 8.961457568333393606e-08
9.632539909000000989e+03 2.003287628928633096e-07 5.567137774847233951e-08
9.673881282000000283e+03 1.855603097435286292e-07 3.478735868684839003e-08
9.715222655000001396e+03 1.601970603632779730e-07 7.296639331516868025e-08
9.756564028000000690e+03 1.352899010828163707e-07 9.830478745433404762e-08
9.797905401000001802e+03 1.214064815516538641e-07 9.121156611974804915e-08
9.839246774000001096e+03 1.243976211074177818e-07 6.278791922438526480e-08
9.880588147000000390e+03 1.427396274572617268e-07 5.620854584430310017e-08
9.921929520000001503e+03 1.680052938924501710e-07 7.879595426340574472e-08
9.963270893000000797e+03 1.889868793324849507e-07 8.458714838697647403e-08
1.000461226600000191e+04 1.967253997322706514e-07 6.185316099158412523e-08
1.004595363900000120e+04 1.884348438010786760e-07 3.337854784835632556e-08
1.008729501200000050e+04 1.689630343584630131e-07 5.334866761253576011e-08
1.012863638500000161e+04 1.482050920766972573e-07 7.574997144902689647e-08
1.016997775800000090e+04 1.361631067891694404e-07 7.084166063676835128e-08
1.021131913100000020e+04 1.387584903770406045e-07 4.963391556280858904e-08
1.025266050400000131e+04 1.554782301674407830e-07 6.002635070457727531e-08
1.029400187700000060e+04 1.791891139847953555e-07 9.249436218711239428e-08
1.033534325000000172e+04 1.994603548922237971e-07 1.052225941934889388e-07
1.037668462300000101e+04 2.076608728986100884e-07 8.720396925213172931e-08
1.041802599600000030e+04 2.007788091624425983e-07 4.706609950328484308e-08
1.045936736900000142e+04 1.825814855922567373e-07 1.825677728644426945e-08
1.050070874200000071e+04 1.617759635757686378e-07 4.023558614247809931e-08
1.054205011500000182e+04 1.479571034156229032e-07 4.786393299029341880e-08
1.058339148800000112e+04 1.469148862405616442e-07 4.688152999287555121e-08
1.062473286100000041e+04 1.579874059759778421e-07 6.823229445351718241e-08
1.066607423400000152e+04 1.749570847876396156e-07 9.800113350383150035e-08
1.070741560700000082e+04 1.890126211537643276e-07 1.098694979198218953e-07
1.074875698000000193e+04 1.928097616577548827e-07 9.396053226377341818e-08
1.079009835300000123e+04 1.841839679044742114e-07 5.672657637591906471e-08
1.083143972600000052e+04 1.667977005734514493e-07 2.584982984432724438e-08
1.087278109900000163e+04 1.478732788237268284e-07 4.116308195210051421e-08
1.091412247200000093e+04 1.347260385177462325e-07 5.144932798289276507e-08
1.095546384500000204e+04 1.313864138241685356e-07 4.555070657210945944e-08
1.099680521800000133e+04 1.372406214779850128e-07 4.834268682579160160e-08
1.103814659100000063e+04 1.478282078051794894e-07 6.830266813901300875e-08
1.107948796400000174e+04 1.568072777073853332e-07 7.913982784700222944e-08
1.112082933700000103e+04 1.591170550928044194e-07 6.668588492804742189e-08
1.116217071000000033e+04 1.532825251245798135e-07 3.490980949887930601e-08
1.120351208300000144e+04 1.415863252357927660e-07 2.503527898872906373e-08
1.124485345600000073e+04 1.288448396172120620e-07 5.398714534162480768e-08
1.128619482900000185e+04 1.202141227096575567e-07 6.658489969057913392e-08
1.132753620200000114e+04 1.187311161926827936e-07 5.848556993097649643e-08
1.136887757500000043e+04 1.243356421607365264e-07 4.907355219094696423e-08
1.141021894800000155e+04 1.342403349692672233e-07 6.096166189814134167e-08
1.145156032100000084e+04 1.437550307298553445e-07 7.424564799139737014e-08
1.149290169400000195e+04 1.483558624254147381e-07 6.813844917404261114e-08
1.153424306700000125e+04 1.459777551448101787e-07 4.103412706849735695e-08
1.157558444000000054e+04 1.379534067531938281e-07 1.404640064702953156e-08
1.161692581300000165e+04 1.283339024350424792e-07 3.616674798884958013e-08
1.165826718600000095e+04 1.221339234684361518e-07 4.767341607028910318e-08
1.169960855900000206e+04 1.229616055016918535e-07 3.727097552602876047e-08
1.174094993200000135e+04 1.310169779722890135e-07 3.352551329563072342e-08
1.178229130500000065e+04 1.428948918409890347e-07 6.240535495929205908e-08
1.182363267800000176e+04 1.531487907115193452e-07 8.697517252397508229e-08
1.186497405100000105e+04 1.567194269657309817e-07 9.007353801607000972e-08
1.190631542400000035e+04 1.515998400630424483e-07 7.388132105095993538e-08
1.194765679700000146e+04 1.401139633126838847e-07 5.817908873064947810e-08
1.198899817000000075e+04 1.278158834298707662e-07 5.955717464622570601e-08
1.203033954300000187e+04 1.209947790332181952e-07 5.948012272065485704e-08
1.207168091600000116e+04 1.234744049530691315e-07 4.327100252657551971e-08
1.211302228900000046e+04 1.343438588790087747e-07 3.350564640918226944e-08
1.215436366200000157e+04 1.484609729155530681e-07 6.066136632441648471e-08
1.219570503500000086e+04 1.587793844610096312e-07 8.539624860075844091e-08
1.223704640800000197e+04 1.595254769320482151e-07 8.962737578147483009e-08
1.227838778100000127e+04 1.492135086461239491e-07 7.763745416481150331e-08
1.231972915400000056e+04 1.315489409556745607e-07 6.830122961477121336e-08
1.236107052700000168e+04 1.138859399267656229e-07 6.945043953474905946e-08
1.240241190000000097e+04 1.040771060577161105e-07 6.399235972920047359e-08
1.244375327300000208e+04 1.064943763850457208e-07 4.117342883386753229e-08
1.248509464600000138e+04 1.198409204140380643e-07 1.901931186302626567e-08
1.252643601900000067e+04 1.376536223957921075e-07 4.397007273891736982e-08
1.256777739200000178e+04 1.509556628441930410e-07 6.438181883411905840e-08
1.260911876500000108e+04 1.524948150418098182e-07 6.279511615163434075e-08
1.265046013800000219e+04 1.402153384323725443e-07 4.442011904049833755e-08
1.269180151100000148e+04 1.182634879464337969e-07 3.473611700039878880e-08
1.273314288400000078e+04 9.550486621299347309e-08 4.645384271525014802e-08
1.277448425700000189e+04 8.168478122135192344e-08 5.013672685490056603e-08
1.281582563000000118e+04 8.311554803513552497e-08 3.726796825916419891e-08
1.285716700300000048e+04 9.948367390218740263e-08 2.997633097437234934e-08
1.289850837600000159e+04 1.235023664414089269e-07 5.007895996860038454e-08
1.293984974900000088e+04 1.440426031358087933e-07 6.610988594882098333e-08
1.298119112200000200e+04 1.511357619031761877e-07 6.248105577261525610e-08
1.302253249500000129e+04 1.403208131023371571e-07 4.376689128163573429e-08
1.306387386800000058e+04 1.151467553402803095e-07 3.810406920956945778e-08
1.310521524100000170e+04 8.616523513305111125e-08 5.436166605903205551e-08
1.314655661400000099e+04 6.637920302088080164e-08 6.015386773415682498e-08
1.318789798700000210e+04 6.526083191060993027e-08 4.393868081840022053e-08
1.322923936000000140e+04 8.381228412211886508e-08 1.622909189740795720e-08
1.327058073300000069e+04 1.139873761908443193e-07 3.597866219349577523e-08
1.331192210600000180e+04 1.425156032971475418e-07 6.212087991056632305e-08
1.335326347900000110e+04 1.566421691366749715e-07 6.985553842408479827e-08
1.339460485200000221e+04 1.500330975854187601e-07 6.746321393703854090e-08
1.343594622500000150e+04 1.259373561318888192e-07 7.677997590697060526e-08
1.347728759800000080e+04 9.544591002346868654e-08 9.514065937133625157e-08
1.351862897100000191e+04 7.240061119463555116e-08 1.000567697379649778e-07
1.355997034400000121e+04 6.731078089053638310e-08 8.068893412547604710e-08
1.360131171700000232e+04 8.236991725058164031e-08 4.609215262059494345e-08
1.364265309000000161e+04 1.104803976695293761e-07 3.834826599791756860e-08
1.368399446300000091e+04 1.389722680961237089e-07 6.163341839988968166e-08
1.372533583600000202e+04 1.556485946608131270e-07 7.117002122891732912e-08
1.376667720900000131e+04 1.538821706642484608e-07 6.855103369764497910e-08
1.380801858200000061e+04 1.349625811860768904e-07 7.578477284615135150e-08
1.384935995500000172e+04 1.073214214412312715e-07 9.251176195342020080e-08
1.389070132800000101e+04 8.263558504227610558e-08 9.564247367768697257e-08
1.393204270100000213e+04 7.064042349186880490e-08 7.308415750358972240e-08
1.397338407400000142e+04 7.531450853791187148e-08 3.064666842113275395e-08
1.401472544700000071e+04 9.353486006265417196e-08 2.462575568996287613e-08
1.405606682000000183e+04 1.169005388649989800e-07 5.728002086781930170e-08
1.409740819300000112e+04 1.355498434422028996e-07 6.542750592894177408e-08
1.413874956600000223e+04 1.416505335716658471e-07 4.970335858019222413e-08
1.418009093900000153e+04 1.324853801886608794e-07 3.695584871786611516e-08
1.422143231200000082e+04 1.115995112971311307e-07 5.427816793226092762e-08
1.426277368500000193e+04 8.683312145011460147e-08 6.680148976254396919e-08
1.430411505800000123e+04 6.756156137446336837e-08 5.520390721352938535e-08
1.434545643100000234e+04 6.115570791911548190e-08 2.248585948314617205e-08
1.438679780400000163e+04 6.947238727912300791e-08 2.704959498926797406e-08
1.442813917700000093e+04 8.841408068043844017e-08 6.007705937653355932e-08
1.446948055000000204e+04 1.097067473572251602e-07 7.163586100899624997e-08
1.451082192300000133e+04 1.238368084889780823e-07 5.949220096284055426e-08
1.455216329600000245e+04 1.243417524348205416e-07 4.316769540014970513e-08
1.459350466900000174e+04 1.105090701587122720e-07 5.488035847066186496e-08
1.463484604200000103e+04 8.736582593939972301e-08 7.185098458716605228e-08
1.467618741500000215e+04 6.438175125369748213e-08 6.770752409027837989e-08
1.471752878800000144e+04 5.158847778340818154e-08 3.982594696891564617e-08
1.475887016100000073e+04 5.422999602238165641e-08 1.740852129834999489e-08
1.480021153400000185e+04 7.090275288497370698e-08 5.060409697280362050e-08
1.484155290700000114e+04 9.481438807362772596e-08 7.431849817580367088e-08
1.488289428000000225e+04 1.160419309461204879e-07 7.994044434143785184e-08
1.492423565300000155e+04 1.256896606490392804e-07 8.018356718902886487e-08
1.496557702600000084e+04 1.200475071898605052e-07 8.954917603736648116e-08
1.500691839900000195e+04 1.018139106451833602e-07 9.983700401121628838e-08
1.504825977200000125e+04 7.903127130430335440e-08 9.438197164592146961e-08
1.508960114500000236e+04 6.168325827569021245e-08 6.934059297134145215e-08
1.513094251800000166e+04 5.709342410857883403e-08 4.251346348766313595e-08
1.517228389100000095e+04 6.752236791232806546e-08 5.261495046583727932e-08
1.521362526400000206e+04 8.948569570669604228e-08 7.635007848499957488e-08
1.525496663700000136e+04 1.142609701105838738e-07 8.638826642839843187e-08
1.529630801000000247e+04 1.316221903507951614e-07 8.458359334009212341e-08
1.533764938300000176e+04 1.344057776486127573e-07 8.258285405405346593e-08
1.537899075600000106e+04 1.210224681056176899e-07 8.276383461627809658e-08
1.542033212900000217e+04 9.657424116918686626e-08 7.534480062471365861e-08
1.546167350200000146e+04 7.127450804796753864e-08 5.348392938236126515e-08
1.550301487500000076e+04 5.591541924862007105e-08 2.198225347168189291e-08
1.554435624800000187e+04 5.741849523106348154e-08 2.529235843521309607e-08
1.558569762100000116e+04 7.567290848825253083e-08 5.088877582404322007e-08
1.562703899400000228e+04 1.028916955012870001e-07 6.051966397480447630e-08
1.566838036700000157e+04 1.270101954035606319e-07 5.292154331964052089e-08
1.570972174000000086e+04 1.366694826429340779e-07 3.964026568438046422e-08
1.575106311300000198e+04 1.258985928007587005e-07 3.839637281033017053e-08
1.579240448600000127e+04 9.781339824101715522e-08 4.422198952251269859e-08
1.583374585900000238e+04 6.383976666159561681e-08 3.959698733948040889e-08
1.587508723200000168e+04 3.815475316851011480e-08 1.975650358355299591e-08
1.591642860500000097e+04 3.159580886647934688e-08 1.053685674693888594e-08
1.595776997800000208e+04 4.692675394197974024e-08 3.854594488023887735e-08
1.599911135100000138e+04 7.703303615847863082e-08 5.498834972089931681e-08
1.604045272400000249e+04 1.080755169566320613e-07 5.519855314199210666e-08
1.608179409700000178e+04 1.256300508697472641e-07 4.488095197505658164e-08
1.612313547000000108e+04 1.210021152896792402e-07 3.915615865236199949e-08
1.616447684300000219e+04 9.550575452377549140e-08 4.380740827324414089e-08
1.620581821600000148e+04 5.978242441850245058e-08 4.498718623196703755e-08
1.624715958900000260e+04 2.896869156530275826e-08 3.718295270988744799e-08
1.628850096200000189e+04 1.654525749317463294e-08 3.701522555114059523e-08
1.632984233500000119e+04 2.842278047435317609e-08 5.696910801653839122e-08
1.637118370800000230e+04 5.995352858346595723e-08 7.674045601033161560e-08
1.641252508100000341e+04 9.822569740397637142e-08 8.392463937663722952e-08
1.645386645400000270e+04 1.274818036311109642e-07 7.944482017966768211e-08
1.649520782700000200e+04 1.352453212550939156e-07 7.220391977432036992e-08
1.653654920000000129e+04 1.178698176265374669e-07 6.905903838053118149e-08
1.657789057300000059e+04 8.268741546257202575e-08 6.695638296063850515e-08
1.661923194600000352e+04 4.489034194027610075e-08 6.242407676973294688e-08
1.666057331900000281e+04 2.124723036311638600e-08 6.345017009313967371e-08
1.670191469200000211e+04 2.319412707099585307e-08 7.613665862116113540e-08
1.674325606500000140e+04 5.171208329159689237e-08 8.888427327287567549e-08
1.678459743800000069e+04 9.622995052822668595e-08 8.987646566585181525e-08
1.682593881099999999e+04 1.382703725363445770e-07 7.808437988712118823e-08
1.686728018400000292e+04 1.592724612835688991e-07 6.164197920908220192e-08
1.690862155700000221e+04 1.491561888562080969e-07 5.035676973486453115e-08
1.694996293000000151e+04 1.113168159909022815e-07 4.501528586408947562e-08
1.699130430300000080e+04 6.154702361391552319e-08 4.206305595746102816e-08
1.703264567600000009e+04 2.165612275161913400e-08 4.620990182360312894e-08
1.707398704900000303e+04 9.990873738394585085e-09 5.722937876708323173e-08
1.711532842200000232e+04 3.268232045863679279e-08 6.400613315122635428e-08
1.715666979500000161e+04 8.018642132663184526e-08 5.953115262542213667e-08
1.719801116800000091e+04 1.310727368035608279e-07 4.658810982232371076e-08
1.723935254100000020e+04 1.615052439482157682e-07 3.474037127912782403e-08
1.728069391400000313e+04 1.563127995956467673e-07 3.050526590754376600e-08
1.732203528700000243e+04 1.162871509455098340e-07 3.006997989348461841e-08
1.736337666000000172e+04 5.795038234352299521e-08 3.334676658630117021e-08
1.740471803300000101e+04 6.340401542316740141e-09 4.356987077455334113e-08
1.744605940600000031e+04 -1.603077926891012274e-08 5.532835284732378782e-08
1.748740077900000324e+04 4.606596057005174829e-10 6.123147519263681549e-08
1.752874215200000253e+04 4.802557180589732316e-08 5.991279329659319759e-08
1.757008352500000183e+04 1.047924291330934109e-07 5.555450787818967300e-08
1.761142489800000112e+04 1.446952479719653660e-07 5.025836852170437799e-08
1.765276627100000042e+04 1.490736491600378220e-07 4.090316594728512856e-08
1.769410764400000335e+04 1.154186729943544206e-07 3.051772089423629259e-08
1.773544901700000264e+04 5.872711301104836028e-08 4.002877762770107687e-08
1.777679039000000193e+04 4.247170725518337997e-09 6.465335888587850516e-08
1.781813176300000123e+04 -2.378070354116616795e-08 8.488860802407341166e-08
1.785947313600000052e+04 -1.238809236306773676e-08 9.337053451839860277e-08
1.790081450900000345e+04 3.416247153211490499e-08 9.195296621252964427e-08
1.794215588200000275e+04 9.576418442479130009e-08 8.720767274890707589e-08
1.798349725500000204e+04 1.454965637652104633e-07 8.105783805747960776e-08
1.802483862800000134e+04 1.617612106101150617e-07 6.879351106545518577e-08
1.806618000100000063e+04 1.378669699817609951e-07 5.269976031533542242e-08
1.810752137400000356e+04 8.514823376040541935e-08 5.616284827295384194e-08
1.814886274700000286e+04 2.790156562939642845e-08 8.184558528310232033e-08
1.819020412000000215e+04 -7.280417883617888688e-09 1.024849644292227056e-07
1.823154549300000144e+04 -3.418385721265195681e-09 1.055390111412958057e-07
1.827288686600000074e+04 3.872164645264180134e-08 9.485574567988088218e-08
1.831422823900000367e+04 1.007957684503261420e-07 8.491608673913373314e-08
1.835556961200000296e+04 1.552628207498767206e-07 8.151713765085221078e-08
1.839691098500000226e+04 1.777488386197161250e-07 7.128936178917784069e-08
1.843825235800000155e+04 1.581531059781962478e-07 4.527987950398889531e-08
1.847959373100000084e+04 1.055035489208838221e-07 3.114174009563406139e-08
1.852093510400000378e+04 4.387645330895945379e-08 6.303209643449324874e-08
1.856227647700000307e+04 1.266513575936367528e-09 8.667813693015085505e-08
1.860361785000000236e+04 -3.326873826584483167e-09 8.324653210913202994e-08
1.864495922300000166e+04 3.128695568548684644e-08 5.870349916786742790e-08
1.868630059600000095e+04 8.828668010910351371e-08 4.805347577752399036e-08
1.872764196900000024e+04 1.408924978426758014e-07 6.761891627793091686e-08
1.876898334200000318e+04 1.643057554228969488e-07 7.332469607702421199e-08
1.881032471500000247e+04 1.471475316006894631e-07 4.782674462658163100e-08
1.885166608800000176e+04 9.688685900657009445e-08 6.230572333580847667e-09
1.889300746100000106e+04 3.586910703019685640e-08 5.486518841753449102e-08
1.893434883400000035e+04 -9.266429192014775121e-09 8.746116681107508651e-08
1.897569020700000328e+04 -1.961919453700799706e-08 8.639571888775112892e-08
1.901703158000000258e+04 7.869234279476490384e-09 5.715164279753145462e-08
1.905837295300000187e+04 5.976397584950246550e-08 4.376892398240201236e-08
1.909971432600000117e+04 1.121678405409903258e-07 7.302857321006477761e-08
1.914105569900000046e+04 1.412940273912434197e-07 8.618778169484487358e-08
1.918239707200000339e+04 1.346097090065075049e-07 6.544616052484015677e-08
1.922373844500000268e+04 9.596567842555914365e-08 3.344679461742899895e-08
1.926507981800000198e+04 4.301763122397423197e-08 6.395574751148113885e-08
1.930642119100000127e+04 -3.026454990016432487e-10 1.000260235428498659e-07
1.934776256400000057e+04 -1.435677876268289454e-08 1.045400362084764407e-07
1.938910393700000350e+04 7.214068178655493856e-09 8.163792567922711651e-08
1.943044531000000279e+04 5.531857854743922524e-08 6.977968034115425627e-08
1.947178668300000209e+04 1.094603924115812712e-07 9.368901376509246908e-08
1.951312805600000138e+04 1.462563420064934664e-07 1.094890579384524756e-07
1.955446942900000067e+04 1.501933903554214689e-07 9.456449496317927387e-08
1.959581080200000360e+04 1.206703522371169616e-07 6.587521364023676610e-08
1.963715217500000290e+04 7.189268479779649613e-08 7.520033386557104614e-08
1.967849354800000219e+04 2.652602030273816663e-08 1.051163350677290297e-07
1.971983492100000149e+04 5.593677357440164575e-09 1.106221389886123542e-07
1.976117629400000078e+04 1.914952861802355222e-08 8.710068369082721582e-08
1.980251766700000371e+04 6.185710510133934574e-08 6.731966217902349854e-08
1.984385904000000301e+04 1.148394504915539762e-07 8.687861181256762498e-08
1.988520041300000230e+04 1.541992880355787743e-07 1.044704100969008604e-07
1.992654178600000159e+04 1.625631274024866923e-07 9.071501374559953043e-08
1.996788315900000089e+04 1.368649005713478199e-07 5.381515767438641333e-08
2.000922453200000382e+04 8.910541167889780536e-08 5.033902362745765748e-08
2.005056590500000311e+04 4.092980187170390945e-08 8.288341874474041384e-08
2.009190727800000241e+04 1.368200044389974879e-08 9.116332484043325481e-08
2.013324865100000170e+04 1.870955060751867055e-08 6.445483569164675234e-08
2.017459002400000099e+04 5.255671457077760525e-08 2.706192075195572441e-08
2.021593139700000393e+04 9.836854654272683825e-08 5.539040354625446045e-08
2.025727277000000322e+04 1.339780990832612464e-07 8.338840045398776966e-08
2.029861414300000251e+04 1.429427932229282738e-07 7.732921128775141387e-08
2.033995551600000181e+04 1.213996467019319167e-07 4.170246278248353112e-08
2.038129688900000110e+04 7.875183489086926740e-08 3.169900290633203525e-08
2.042263826200000040e+04 3.360208942356363348e-08 6.980140332972148151e-08
2.046397963500000333e+04 5.344874964506185232e-09 8.420311808405930573e-08
2.050532100800000262e+04 5.040902442342155232e-09 6.447661646907402052e-08
2.054666238100000191e+04 3.109025787870918857e-08 2.740271198408070210e-08
2.058800375400000121e+04 7.080734187137462229e-08 4.693410064452415873e-08
2.062934512700000050e+04 1.062099120408167653e-07 7.953460410411732626e-08
2.067068650000000343e+04 1.221223151414971362e-07 8.442606494813874215e-08
2.071202787300000273e+04 1.128503494168479984e-07 6.417968919934931640e-08
2.075336924600000202e+04 8.393426651210657868e-08 5.068278322421235242e-08
2.079471061900000132e+04 4.914073268738036277e-08 7.002010642505364159e-08
2.083605199200000061e+04 2.431707160547223812e-08 8.371674735819455326e-08
2.087739336500000354e+04 2.067392796673206027e-08 7.251800177848425654e-08
2.091873473800000284e+04 4.004714836373950770e-08 5.127071269317195067e-08
2.096007611100000213e+04 7.417836700191034923e-08 6.434703403077780704e-08
2.100141748400000142e+04 1.084932150568129117e-07 9.441012762296063194e-08
2.104275885700000072e+04 1.291132909998769647e-07 1.063379839682172366e-07
2.108410023000000365e+04 1.287854309117759597e-07 9.502964167716209704e-08
2.112544160300000294e+04 1.094131833271526625e-07 7.665316116916515190e-08
2.116678297600000224e+04 8.106175755904918997e-08 7.472010732903849918e-08
2.120812434900000153e+04 5.733966255988716420e-08 7.999272810843492089e-08
2.124946572200000082e+04 4.931684245247619269e-08 7.044718208479470204e-08
2.129080709500000376e+04 6.062003459646227157e-08 4.944364320410630454e-08
2.133214846800000305e+04 8.569222285894046555e-08 5.329800236949435918e-08
2.137348984100000234e+04 1.128494093027021344e-07 8.051289851656186659e-08
2.141483121400000164e+04 1.302653649897988474e-07 9.506834468854983216e-08
2.145617258700000093e+04 1.310469279606950497e-07 8.618845778849634720e-08
2.149751396000000386e+04 1.155774148542452702e-07 6.228367330495586452e-08
2.153885533300000316e+04 9.111771874347773503e-08 4.839105882378169926e-08
2.158019670600000245e+04 6.835977303831281737e-08 5.354348642461614853e-08
2.162153807900000174e+04 5.634209561869609492e-08 5.084241262721602432e-08
2.166287945200000104e+04 5.842475355748714797e-08 2.885911888233465843e-08
2.170422082500000397e+04 7.156559271343390410e-08 1.285225006813358343e-08
2.174556219800000326e+04 8.849914271982944633e-08 4.645735462211075043e-08
2.178690357100000256e+04 1.010136177984550063e-07 6.844721207341974928e-08
2.182824494400000185e+04 1.034950345432016125e-07 6.898464976646124360e-08
2.186958631700000115e+04 9.505434354763686892e-08 5.163933262467216411e-08
2.191092769000000408e+04 7.927897559822745473e-08 3.575743758394935533e-08
2.195226906300000337e+04 6.229795900450328034e-08 4.181630984282103416e-08
2.199361043600000266e+04 5.028406157234396591e-08 4.709776711236220712e-08
2.203495180900000196e+04 4.725492608296349388e-08 3.413690449762889758e-08
2.207629318200000125e+04 5.384118226035560465e-08 9.058685075078896854e-09
2.211763455500000055e+04 6.719183206029753238e-08 3.655154339877884852e-08
2.215897592800000348e+04 8.213432128137032856e-08 6.647648203020669766e-08
2.220031730100000277e+04 9.335339671808375764e-08 7.923202569185325790e-08
2.224165867400000207e+04 9.728051829013225776e-08 7.293108286917519521e-08
2.228300004700000136e+04 9.312030365547701866e-08 5.636927523231974160e-08
2.232434142000000065e+04 8.330535738111317229e-08 4.450151988700342544e-08
2.236568279300000358e+04 7.282074313410642009e-08 4.068256529080608251e-08
2.240702416600000288e+04 6.721659123787656156e-08 3.431204346885009413e-08
2.244836553900000217e+04 7.014562356963326405e-08 3.395454716768028320e-08
2.248970691200000147e+04 8.156938591163440414e-08 5.678234855376147109e-08
2.253104828500000076e+04 9.768022876020348575e-08 8.438597516785560664e-08
2.257238965800000369e+04 1.127352241460969064e-07 9.999568545326339695e-08
2.261373103100000299e+04 1.214706002529793544e-07 9.762691782024115747e-08
2.265507240400000228e+04 1.210540313446050842e-07 8.041006600398710774e-08
2.269641377700000157e+04 1.123962877384011752e-07 5.793314716488257711e-08
2.273775515000000087e+04 1.000096192425781273e-07 4.046442351373428709e-08
2.277909652300000380e+04 8.994336905102698721e-08 3.109588643939393355e-08
2.282043789600000309e+04 8.686379230610332347e-08 3.020416412009823701e-08
2.286177926900000239e+04 9.184045316710710276e-08 4.354212295175900194e-08
2.290312064200000168e+04 1.022077853284333844e-07 6.354359481104758568e-08
2.294446201500000097e+04 1.133331309017357857e-07 7.746972056002889089e-08
2.298580338800000391e+04 1.204938133431882134e-07 7.778376222061718282e-08
2.302714476100000320e+04 1.202198699060477726e-07 6.330933353545655441e-08
2.306848613400000249e+04 1.118501409466358863e-07 3.944849032557224171e-08
2.310982750700000179e+04 9.819521984116749604e-08 1.788782808070393523e-08
2.315116888000000108e+04 8.386746853065623792e-08 1.485682550079749401e-08
2.319251025300000401e+04 7.351805102354873022e-08 1.590097360212681314e-08
2.323385162600000331e+04 7.019357521121464674e-08 1.296160151660572613e-08
2.327519299900000260e+04 7.423209305134923412e-08 2.510263370830871217e-08
2.331653437200000189e+04 8.357026127042090023e-08 4.233772067994326596e-08
2.335787574500000119e+04 9.422174794278688891e-08 5.199055361823758761e-08
2.339921711800000412e+04 1.010781953388926606e-07 4.930455267415076978e-08
2.344055849100000341e+04 1.004451668337075478e-07 3.587510334120561523e-08
2.348189986400000271e+04 9.205925209563357159e-08 2.085894645406069448e-08
2.352324123700000200e+04 7.896039668603214814e-08 1.941759303460653843e-08
2.356458261000000130e+04 6.645066316242842667e-08 2.462029761568376165e-08
2.360592398300000423e+04 6.024701710364229519e-08 2.550701682143148214e-08
2.364726535600000352e+04 6.401386969678918910e-08 3.007424738324844574e-08
2.368860672900000282e+04 7.757469060836989199e-08 4.519707142081029977e-08
2.372994810200000211e+04 9.639307518278999032e-08 6.114833639268121915e-08
2.377128947500000140e+04 1.134029749858989281e-07 6.811409886137598955e-08
2.381263084800000070e+04 1.223424681244845957e-07 6.204111244369041825e-08
2.385397222100000363e+04 1.203417308069027032e-07 4.571880404827118776e-08
2.389531359400000292e+04 1.092461293892567859e-07 2.928970665682932839e-08
2.393665496700000222e+04 9.524773038631214649e-08 2.725500202365124654e-08
2.397799634000000151e+04 8.598741871543693766e-08 3.464339477537220740e-08
2.401933771300000080e+04 8.693957123312886668e-08 4.392650975348792477e-08
2.406067908600000374e+04 9.922349621777479170e-08 5.968681908532742789e-08
2.410202045900000303e+04 1.188199302961345491e-07 7.935391104401158558e-08
2.414336183200000232e+04 1.380704779575235262e-07 9.268439945505163213e-08
2.418470320500000162e+04 1.493779075883691057e-07 9.127954281145854321e-08
2.422604457800000091e+04 1.484478086671407502e-07 7.395207683361778217e-08
2.426738595100000384e+04 1.357649241970605350e-07 4.789377446152268250e-08
2.430872732400000314e+04 1.166745377477174794e-07 2.826751171855754253e-08
2.435006869700000243e+04 9.936793805657114040e-08 2.695599009009420292e-08
2.439141007000000172e+04 9.107054332924757488e-08 3.016628714467844435e-08
2.443275144300000102e+04 9.490897935890739078e-08 3.833339217366912635e-08
2.447409281600000395e+04 1.087521291479847934e-07 5.707544372311167517e-08
2.451543418900000324e+04 1.259256087195461437e-07 7.435612772136942059e-08
2.455677556200000254e+04 1.378793555808387656e-07 7.737127310331112241e-08
2.459811693500000183e+04 1.379039693769233438e-07 6.180137107993021886e-08
2.463945830800000113e+04 1.244377634714336630e-07 3.391443186709523716e-08
2.468079968100000406e+04 1.020506072188547803e-07 1.924387431603093375e-08
2.472214105400000335e+04 7.940418151425503259e-08 3.337853561813087408e-08
2.476348242700000264e+04 6.562141607563809934e-08 3.558427818725723854e-08
2.480482380000000194e+04 6.634012465474219799e-08 2.098574265153614881e-08
2.484616517300000123e+04 8.078539224381346846e-08 2.286912240883904405e-08
2.488750654600000416e+04 1.020293645627959443e-07 4.841784002558280290e-08
2.492884791900000346e+04 1.201742057449470050e-07 6.271769595595146959e-08
2.497018929200000275e+04 1.265021034441917073e-07 5.701450432788530117e-08
2.501153066500000205e+04 1.177712484832281167e-07 3.563897006915382394e-08
2.505287203800000134e+04 9.821512127234463595e-08 2.321112140615505839e-08
2.509421341100000427e+04 7.741980835007238363e-08 3.692527237869670009e-08
2.513555478400000356e+04 6.588160426228318310e-08 4.073657710888226404e-08
2.517689615700000286e+04 7.025041691432281688e-08 2.517895051519373864e-08
2.521823753000000215e+04 8.998310537194159322e-08 2.128791197104144918e-08
2.525957890300000145e+04 1.175541242924451873e-07 5.390087586726897852e-08
2.530092027600000438e+04 1.419605483718753742e-07 7.837035366028088627e-08
2.534226164900000367e+04 1.538153163297107373e-07 8.228924594962432569e-08
2.538360302200000297e+04 1.495706083587010002e-07 6.582512779247938622e-08
2.542494439500000226e+04 1.331455869431810603e-07 4.136333544779265838e-08
2.546628576800000155e+04 1.137990514149387018e-07 3.058589404308244424e-08
2.550762714100000449e+04 1.019024503261449006e-07 3.057250406374027409e-08
2.554896851400000378e+04 1.042798509742117446e-07 2.101195409805509332e-08
2.559030988700000307e+04 1.210050021807071451e-07 3.014091813077226400e-08
2.563165126000000237e+04 1.454445638552391276e-07 6.603864394755066669e-08
2.567299263300000166e+04 1.673053729929486142e-07 9.610330119697623176e-08
2.571433400600000095e+04 1.771696687988707376e-07 1.056595881765290733e-07
2.575567537900000389e+04 1.706863827639225575e-07 9.093470333905975279e-08
2.579701675200000318e+04 1.505762029709998217e-07 6.015889310861209523e-08
2.583835812500000247e+04 1.252612986498988880e-07 3.293207523199794427e-08
2.587969949800000177e+04 1.052917699423741254e-07 2.681804517563081596e-08
2.592104087100000106e+04 9.882706120830973909e-08 1.892384378856116854e-08
2.596238224400000399e+04 1.077680767807883934e-07 7.775381897563165074e-09
2.600372361700000329e+04 1.268985252839154924e-07 4.493258377525602265e-08
2.604506499000000258e+04 1.463609256126558755e-07 7.780811625131703281e-08
2.608640636300000187e+04 1.561618286082056588e-07 9.139996350802433798e-08
2.612774773600000117e+04 1.504816198224556557e-07 8.024488896087909106e-08
2.616908910900000410e+04 1.300287088020869757e-07 5.381823394278306442e-08
2.621043048200000339e+04 1.022680656288470246e-07 4.203161063353914343e-08
2.625177185500000269e+04 7.868257165682232478e-08 5.455173150512202460e-08
2.629311322800000198e+04 6.922012665304922128e-08 5.576610183454865468e-08
2.633445460100000128e+04 7.752559384524388939e-08 3.438717856515083066e-08
2.637579597400000421e+04 9.955896004655561629e-08 1.614433858772105727e-08
2.641713734700000350e+04 1.254022582827243608e-07 4.863214214873618694e-08
2.645847872000000280e+04 1.435168798193448812e-07 7.017768635404555170e-08
2.649982009300000209e+04 1.459504870900423548e-07 6.817300209129689535e-08
2.654116146600000138e+04 1.318417236301203806e-07 5.086565730878932202e-08
2.658250283900000431e+04 1.080202346632502753e-07 4.837807276752663106e-08
2.662384421200000361e+04 8.637709610258172235e-08 6.407425280125455810e-08
2.666518558500000290e+04 7.835558226435228210e-08 6.560408218054973405e-08
2.670652695800000220e+04 8.958162984079148431e-08 4.162331406443107890e-08
2.674786833100000149e+04 1.172046427051221008e-07 1.431923313940141728e-08
2.678920970400000442e+04 1.510237229917097352e-07 5.526965874595293366e-08
2.683055107700000372e+04 1.781849443092135190e-07 8.715120092954440681e-08
2.687189245000000301e+04 1.886060636810171417e-07 9.257530970154481067e-08
2.691323382300000230e+04 1.790035591304366626e-07 7.413565157281455468e-08
2.695457519600000160e+04 1.549862724985174986e-07 5.250242418655213646e-08
2.699591656900000453e+04 1.291038472975953547e-07 5.227130776739256757e-08
2.703725794200000382e+04 1.146466303476973389e-07 5.306930216815776569e-08
2.707859931500000312e+04 1.193070201883944383e-07 3.227207033372646998e-08
2.711994068800000241e+04 1.420606222017701526e-07 2.479214978444066256e-08
2.716128206100000170e+04 1.737219882440830604e-07 7.109057681624179907e-08
2.720262343400000464e+04 2.007705740462603949e-07 1.067117059439947922e-07
2.724396480700000393e+04 2.111001362708617554e-07 1.135569854987776679e-07
2.728530618000000322e+04 1.991438089981909709e-07 9.095672688333022526e-08
2.732664755300000252e+04 1.689062451868742675e-07 5.930372016429535733e-08
2.736798892600000181e+04 1.330900721216064878e-07 5.648828064012998195e-08
2.740933029900000111e+04 1.069335968880592661e-07 6.704339746925676665e-08
2.745067167200000404e+04 1.007596381713737646e-07 5.577401025838015798e-08
2.749201304500000333e+04 1.158209089574876573e-07 2.903829074565720010e-08
2.753335441800000262e+04 1.440107025974904327e-07 5.054060474597215780e-08
2.757469579100000192e+04 1.710435153278889623e-07 8.606571239586832434e-08
2.761603716400000121e+04 1.828759376999791725e-07 9.566494622080443553e-08
2.765737853700000414e+04 1.721750851282838898e-07 7.467895509602357120e-08
2.769871991000000344e+04 1.420020769344495939e-07 4.780872934172057760e-08
2.774006128300000273e+04 1.047950754253019269e-07 6.540872613707632018e-08
2.778140265600000203e+04 7.664114958971880596e-08 9.038212696046116945e-08
2.782274402900000132e+04 6.942265175875708288e-08 8.673016516026816213e-08
2.786408540200000425e+04 8.562793933870732089e-08 5.320881665651703724e-08
2.790542677500000354e+04 1.177887292017708777e-07 2.402242335726955448e-08
2.794676814800000284e+04 1.517796794928959631e-07 5.626956704141793703e-08
2.798810952100000213e+04 1.727941077286258109e-07 7.489801165586712720e-08
2.802945089400000143e+04 1.719157499417661759e-07 6.285438944860872269e-08
2.807079226700000436e+04 1.505658455360269798e-07 4.181719758285847509e-08
2.811213364000000365e+04 1.201848601444073473e-07 6.272988261241472255e-08
2.815347501300000295e+04 9.666249705977966644e-08 9.039734337360383851e-08
2.819481638600000224e+04 9.267563751894316139e-08 8.957441719295714528e-08
2.823615775900000153e+04 1.119257597334799404e-07 5.612161160738900571e-08
2.827749913200000447e+04 1.478895651320524826e-07 1.970344625687351879e-08
2.831884050500000376e+04 1.869061130322755080e-07 6.060146417419892005e-08
2.836018187800000305e+04 2.139098588810769505e-07 9.084489726727241960e-08
2.840152325100000235e+04 2.187663971188171752e-07 8.913611380969644750e-08
2.844286462400000164e+04 2.012789907430351705e-07 6.538774878444504950e-08
2.848420599700000457e+04 1.715758934640083638e-07 5.635076536022451150e-08
2.852554737000000387e+04 1.450830156986344733e-07 7.200825628508579389e-08
2.856688874300000316e+04 1.352158355465189933e-07 7.224482285213331535e-08
2.860823011600000245e+04 1.472380373865120525e-07 4.279208433523178854e-08
2.864957148900000175e+04 1.759253173736902573e-07 2.279647337679525759e-08
2.869091286200000468e+04 2.084140396075017824e-07 7.152139800885908796e-08
2.873225423500000397e+04 2.298929112989081340e-07 1.051484925471434942e-07
2.877359560800000327e+04 2.297304571200973571e-07 1.069264379306340381e-07
2.881493698100000256e+04 2.067034988772050298e-07 8.398802131799847661e-08
2.885627835400000185e+04 1.702000006817852122e-07 6.821832997285366783e-08
2.889761972700000479e+04 1.356237880383887732e-07 7.938089012535436388e-08
2.893896110000000408e+04 1.169539676166025596e-07 8.378713323681221457e-08
2.898030247300000337e+04 1.205760286821663249e-07 6.058733948234726347e-08
2.902164384600000267e+04 1.426191424880378853e-07 2.396114123371210714e-08
2.906298521900000196e+04 1.710013773964207646e-07 5.086459879123703092e-08
2.910432659200000489e+04 1.910389021466245889e-07 8.394230073630092681e-08
2.914566796500000419e+04 1.917356220414985751e-07 8.782984982744367699e-08
2.918700933800000348e+04 1.707672187756529578e-07 6.844582804559509635e-08
2.922835071100000278e+04 1.363045264385969719e-07 6.326068110095585260e-08
2.926969208400000207e+04 1.032655066842926934e-07 8.748021115316372445e-08
2.931103345700000136e+04 8.588754598386966247e-08 1.015114047436460492e-07
2.935237483000000429e+04 9.117210231714144737e-08 8.707465340112665560e-08
2.939371620300000359e+04 1.165266905833698108e-07 5.298904043545329046e-08
2.943505757600000288e+04 1.511268091993587027e-07 4.090685462168066882e-08
2.947639894900000218e+04 1.802155290874925901e-07 6.190751470723852191e-08
2.951774032200000147e+04 1.917421544760879177e-07 6.698483754227624167e-08
2.955908169500000440e+04 1.818137274223888131e-07 5.215519202124510947e-08
2.960042306800000370e+04 1.565725288363814454e-07 5.379003048056411967e-08
2.964176444100000299e+04 1.296062397019408052e-07 8.338894337437105109e-08
2.968310581400000228e+04 1.152247499011104593e-07 1.008351104686036582e-07
2.972444718700000158e+04 1.219394156824701298e-07 8.902675021990274987e-08
2.976578856000000451e+04 1.494602506716674776e-07 5.399861955258311927e-08
2.980712993300000380e+04 1.884096759923300839e-07 3.606750941050505635e-08
2.984847130600000310e+04 2.236591379994152582e-07 6.433485942388865668e-08
2.988981267900000239e+04 2.415210020528852861e-07 8.097387514425605460e-08
2.993115405200000168e+04 2.361613356325347612e-07 7.384497311469831146e-08
2.997249542500000462e+04 2.120155948578646660e-07 6.121715992040511753e-08
3.001383679800000391e+04 1.818691557581460032e-07 6.953464721737862823e-08
3.005517817100000320e+04 1.609764055391632435e-07 8.181998920429770353e-08
3.009651954400000250e+04 1.598069299287978352e-07 7.270911127899548561e-08
3.013786091700000179e+04 1.793946563738927528e-07 3.931019645166662323e-08
3.017920229000000472e+04 2.109711312597294869e-07 2.552320745895212621e-08
3.022054366300000402e+04 2.398201422463506108e-07 6.747807030962535621e-08
3.026188503600000331e+04 2.520860713005882936e-07 9.432187123537484985e-08
3.030322640900000260e+04 2.411135884015839967e-07 9.534427313263104698e-08
3.034456778200000190e+04 2.106046562310849033e-07 8.098955971695510438e-08
3.038590915500000483e+04 1.731176697450522111e-07 7.513895795994008155e-08
3.042725052800000412e+04 1.439463279683053069e-07 8.210098353477592511e-08
3.046859190100000342e+04 1.337065098247904839e-07 8.013183222065645543e-08
3.050993327400000271e+04 1.440426265903978806e-07 5.833168447227703796e-08
3.055127464700000201e+04 1.676181159801987616e-07 3.061423351455812602e-08
3.059261602000000494e+04 1.912747922950194682e-07 4.575339757346753383e-08
3.063395739300000423e+04 2.020816686991507977e-07 7.139604435261098860e-08
3.067529876600000352e+04 1.936693477792944255e-07 7.712630368583286219e-08
3.071664013900000282e+04 1.689559064704973653e-07 6.395799220533547066e-08
3.075798151200000211e+04 1.385795612869639726e-07 5.545724783198725408e-08
3.079932288500000504e+04 1.155054431829713389e-07 7.199995192738837268e-08
3.084066425800000434e+04 1.088232976161827597e-07 8.978767005187142790e-08
3.088200563100000363e+04 1.205606117740673406e-07 8.946428217810555511e-08
3.092334700400000293e+04 1.455213199473242843e-07 7.029637145009490382e-08
3.096468837700000222e+04 1.731078664520209134e-07 4.940943330816242314e-08
3.100602975000000151e+04 1.922464083926961053e-07 5.070524868034663329e-08
3.104737112300000445e+04 1.967659873057984376e-07 5.841665928105840290e-08
3.108871249600000374e+04 1.873215016658486868e-07 5.088988964995833307e-08
3.113005386900000303e+04 1.706437929318637891e-07 3.589656716257452563e-08
3.117139524200000233e+04 1.567113706324759002e-07 5.016102674123602743e-08
3.121273661500000162e+04 1.538693501708506602e-07 7.754226803494272943e-08
3.125407798800000455e+04 1.651895417916332485e-07 8.807695424210889014e-08
3.129541936100000385e+04 1.879841152912769666e-07 7.419688926960054874e-08
3.133676073400000314e+04 2.148284584301784309e-07 4.861169402071270894e-08
3.137810210700000243e+04 2.363292162613137546e-07 4.945465938239219252e-08
3.141944348000000173e+04 2.455593158241211162e-07 7.119719328449896217e-08
3.146078485300000466e+04 2.410238725554805411e-07 7.795834030009412980e-08
3.150212622600000395e+04 2.270228971597585179e-07 6.315114084520082735e-08
3.154346759900000325e+04 2.116278327501350981e-07 4.235467688429048590e-08
3.158480897200000254e+04 2.025047293724494351e-07 4.741810224800225476e-08
3.162615034500000183e+04 2.034535221287895363e-07 6.156239732124716127e-08
3.166749171800000477e+04 2.136097580394730462e-07 5.966930879956342960e-08
3.170883309100000406e+04 2.278399915855900618e-07 4.889688120224770736e-08
3.175017446400000335e+04 2.386672139107511139e-07 6.001662741160570566e-08
3.179151583700000265e+04 2.399646376494158975e-07 8.727264363092000029e-08
3.183285721000000194e+04 2.301119463790980183e-07 1.012720264369662023e-07
3.187419858300000487e+04 2.126303919805473967e-07 9.014898728085021265e-08
3.191553995600000417e+04 1.937991331387513354e-07 5.974642773368289062e-08
3.195688132900000346e+04 1.794513003111714362e-07 4.143912415673475605e-08
3.199822270200000276e+04 1.729561344614122381e-07 6.016775187246931677e-08
3.203956407500000205e+04 1.742679305236689280e-07 7.483726821039630357e-08
3.208090544800000498e+04 1.800221254252586342e-07 7.245904850175170824e-08
3.212224682100000427e+04 1.855666025382914452e-07 6.648233994346084379e-08
3.216358819400000357e+04 1.870451887515710490e-07 7.320645921705773610e-08
3.220492956700000286e+04 1.824776085554690218e-07 8.062418737071671248e-08
3.224627094000000216e+04 1.728472677421295065e-07 6.970816230703159937e-08
3.228761231300000509e+04 1.617911507048955620e-07 4.009080284969274441e-08
3.232895368600000438e+04 1.531851199839543539e-07 3.897345850507863408e-08
3.237029505900000368e+04 1.496773760891328386e-07 7.808924937354630285e-08
3.241163643200000297e+04 1.527132942884208133e-07 1.047312597178261310e-07
3.245297780500000226e+04 1.620929120958211508e-07 1.073520844274223884e-07
3.249431917800000519e+04 1.754534234742914951e-07 9.054565800774352140e-08
3.253566055100000449e+04 1.888764552072784775e-07 7.068245328758113162e-08
3.257700192400000378e+04 1.984276094181138522e-07 6.240163902799304190e-08
3.261834329700000308e+04 2.020540482212868605e-07 5.681475061828686506e-08
3.265968467000000237e+04 2.004121743902439118e-07 4.266031467215318196e-08
3.270102604300000166e+04 1.961019213660375020e-07 4.105550615840744496e-08
3.274236741600000460e+04 1.930744188871300111e-07 7.090088766669335393e-08
3.278370878900000389e+04 1.957774334892768054e-07 1.002081957618382798e-07
3.282505016200000682e+04 2.067133378220397953e-07 1.096807042558575244e-07
3.286639153500000248e+04 2.242279782541026455e-07 9.465624962485983221e-08
3.290773290800000541e+04 2.429605408509801736e-07 6.929955834434703363e-08
3.294907428100000106e+04 2.565944695199179901e-07 6.766778301487249680e-08
3.299041565400000400e+04 2.607404365908211880e-07 8.486109430557036986e-08
3.303175702700000693e+04 2.547332183758171685e-07 8.478367105012531644e-08
3.307309840000000258e+04 2.420287911992240144e-07 5.848533251397077519e-08
3.311443977300000552e+04 2.286618681657814843e-07 3.886061708443322360e-08
3.315578114600000117e+04 2.205881929246573210e-07 7.219435827621402232e-08
3.319712251900000410e+04 2.211506470064104606e-07 1.005294537003414937e-07
3.323846389200000704e+04 2.293487899464495485e-07 9.856211417048892155e-08
3.327980526500000269e+04 2.405124536066432287e-07 7.726337743557856637e-08
3.332114663800000562e+04 2.485721993987806147e-07 7.821444017839987847e-08
3.336248801100000128e+04 2.483558067898524677e-07 1.014851889410455366e-07
3.340382938400000421e+04 2.379193790204337694e-07 1.043830670829549730e-07
3.344517075700000714e+04 2.195577058723308055e-07 7.151175281113518710e-08
3.348651213000000280e+04 1.984634589697621339e-07 3.060536100564894315e-08
3.352785350300000573e+04 1.808315092594192255e-07 7.343861773403569520e-08
3.356919487600000139e+04 1.718805466820647276e-07 1.146914736823522455e-07
3.361053624900000432e+04 1.735116488062949167e-07 1.177018015432583286e-07
3.365187762199999997e+04 1.834840882583032849e-07 8.635169007343892619e-08
3.369321899500000291e+04 1.963005413733999507e-07 5.977612100352876001e-08
3.373456036800000584e+04 2.051804095918685497e-07 7.711539265300210935e-08
3.377590174100000149e+04 2.049834332734800311e-07 8.712111488779579209e-08
3.381724311400000443e+04 1.944489187294854372e-07 6.113613966072945369e-08
3.385858448700000008e+04 1.767843963999864646e-07 3.178832358928647293e-08
3.389992586000000301e+04 1.593078728390597187e-07 8.725272711546031456e-08
3.394126723300000594e+04 1.508229195953546538e-07 1.375563154683287737e-07
3.398260860600000160e+04 1.570344875304518370e-07 1.473679225805727219e-07
3.402394997900000453e+04 1.776654586889308497e-07 1.131839429669221272e-07
3.406529135200000019e+04 2.061363634262733081e-07 5.968382069507418018e-08
3.410663272500000312e+04 2.319730282058778208e-07 5.784872826431601912e-08
3.414797409800000605e+04 2.456860901901075745e-07 8.496128488285492362e-08
3.418931547100000171e+04 2.431886789082536478e-07 7.631527768377579490e-08
3.423065684400000464e+04 2.275641165196034769e-07 4.070274331599752397e-08
3.427199821700000030e+04 2.083637831918559065e-07 7.109949223670219733e-08
3.431333959000000323e+04 1.975446578932854059e-07 1.261863160617709602e-07
3.435468096300000616e+04 2.031541840309697741e-07 1.445930921923787510e-07
3.439602233600000181e+04 2.253134693532345844e-07 1.137870071463786329e-07
3.443736370900000475e+04 2.562684671889971931e-07 5.536529680426309873e-08
3.447870508200000040e+04 2.836624363840195747e-07 6.422547108928892825e-08
3.452004645500000333e+04 2.962040821865460394e-07 1.074533744782613607e-07
3.456138782800000627e+04 2.889998981792669076e-07 1.066451626582151735e-07
3.460272920100000192e+04 2.657427509964261788e-07 5.665641291463844540e-08
3.464407057400000485e+04 2.370914685029230519e-07 2.940625733066183470e-08
3.468541194700000051e+04 2.158160816038918827e-07 9.850241159790353692e-08
3.472675332000000344e+04 2.108638970865890796e-07 1.314857154788612511e-07
3.476809469300000637e+04 2.234218452471631757e-07 1.128680673360867983e-07
3.480943606600000203e+04 2.465450885923356094e-07 6.246856394617699376e-08
3.485077743900000496e+04 2.681578028946272070e-07 6.636633152653623028e-08
3.489211881200000062e+04 2.767714856672823349e-07 1.091884542880197668e-07
3.493346018500000355e+04 2.665394521828435236e-07 1.129376392018484701e-07
3.497480155800000648e+04 2.394154207942581542e-07 6.747680635290314881e-08
3.501614293100000214e+04 2.047319947115858290e-07 1.507209160931814359e-08
3.505748430400000507e+04 1.756864123845090328e-07 8.667922299434997898e-08
3.509882567700000072e+04 1.633162504680413545e-07 1.281575254424480299e-07
3.514016705000000366e+04 1.714954115469745929e-07 1.201140866585396949e-07
3.518150842300000659e+04 1.952108173410963675e-07 7.210949467389773797e-08
3.522284979600000224e+04 2.221981782291429257e-07 3.958235181525148961e-08
3.526419116900000517e+04 2.386542431391890287e-07 7.516204449505463546e-08
3.530553254200000083e+04 2.360216955406666090e-07 8.711174310337824064e-08
3.534687391500000376e+04 2.143795303990728038e-07 5.454535017991244708e-08
3.538821528800000669e+04 1.828827780964676287e-07 2.391293215115986719e-08
3.542955666100000235e+04 1.566983759901950696e-07 8.996097005361711050e-08
3.547089803400000528e+04 1.494568298455059599e-07 1.363950353116809328e-07
3.551223940700000094e+04 1.665112679108337886e-07 1.392221200520800452e-07
3.555358078000000387e+04 2.023517610869911747e-07 1.008222989859367919e-07
3.559492215300000680e+04 2.423226569525850728e-07 5.357563071728985077e-08
3.563626352600000246e+04 2.696257780043518407e-07 6.150110790504081442e-08
3.567760489900000539e+04 2.738535587181714656e-07 7.882668410024689216e-08
3.571894627200000104e+04 2.552225828967218860e-07 5.910665001659831411e-08
3.576028764500000398e+04 2.246272990033198824e-07 1.850701710604782058e-08
3.580162901800000691e+04 1.994067566499773976e-07 6.767493603384448018e-08
3.584297039100000256e+04 1.946927805997255097e-07 1.135569037492810781e-07
3.588431176400000550e+04 2.153176915340359432e-07 1.202048351392528720e-07
3.592565313700000115e+04 2.534814565073609348e-07 8.582911697086175696e-08
3.596699451000000408e+04 2.928655772994376323e-07 3.991276245541483282e-08
3.600833588300000702e+04 3.166897123418774527e-07 6.181523387079678693e-08
3.604967725600000267e+04 3.150668092090516954e-07 9.070363347300188037e-08
3.609101862900000560e+04 2.893065391457735031e-07 8.197341428607858364e-08
3.613236000200000126e+04 2.517640789054436465e-07 4.135732541913947593e-08
3.617370137500000419e+04 2.199965711688681281e-07 3.881783460117868684e-08
3.621504274800000712e+04 2.082539163465374771e-07 8.091097788097588512e-08
3.625638412100000278e+04 2.208370156755303836e-07 9.309201726670802310e-08
3.629772549400000571e+04 2.504642157674525320e-07 6.706598979330108098e-08
3.633906686700000137e+04 2.819338632972600929e-07 2.792744069344438426e-08
3.638040824000000430e+04 2.992182377288391468e-07 5.956343348603701220e-08
3.642174961300000723e+04 2.928109543611262560e-07 9.396639538423992577e-08
3.646309098600000289e+04 2.636194822728434483e-07 9.326488435748944584e-08
3.650443235900000582e+04 2.224235862219187816e-07 5.848817791186358597e-08
3.654577373200000147e+04 1.853393298154905704e-07 3.233952454372275485e-08
3.658711510500000441e+04 1.667420986340767510e-07 6.983565107769902912e-08
3.662845647800000734e+04 1.730430218901741814e-07 9.360554030285180965e-08
3.666979785100000299e+04 1.998547052574683174e-07 8.365838437407526347e-08
3.671113922400000592e+04 2.335923472545595590e-07 5.335883568225290328e-08
3.675248059700000158e+04 2.578564772387545395e-07 5.224059664587331077e-08
3.679382197000000451e+04 2.612241584372759426e-07 7.604090874539953805e-08
3.683516334300000744e+04 2.416181188052605824e-07 7.544437308823547529e-08
3.687650471600000310e+04 2.069995176522291425e-07 4.190495193042499986e-08
3.691784608900000603e+04 1.728537061535671390e-07 2.928866359976704647e-08
3.695918746200000169e+04 1.557110812555123191e-07 8.156478631248822282e-08
3.700052883500000462e+04 1.650350075824194780e-07 1.149897121831450802e-07
3.704187020800000755e+04 1.981183175024518308e-07 1.156422975158637406e-07
3.708321158100000321e+04 2.413183364813994679e-07 9.285644441897901446e-08
3.712455295400000614e+04 2.767637564603003262e-07 7.561430653446781351e-08
3.716589432700000179e+04 2.906712702603745888e-07 7.878155477574278361e-08
3.720723570000000473e+04 2.789295762564890086e-07 7.410163007217461063e-08
3.724857707300000038e+04 2.487320347977354686e-07 4.329453181933959311e-08
3.728991844600000331e+04 2.159095488049713100e-07 1.585751423175704473e-08
3.733125981900000625e+04 1.979142227547987546e-07 6.463311792944691842e-08
3.737260119200000190e+04 2.053013442260518883e-07 9.644397807100498476e-08
3.741394256500000483e+04 2.360987566172071705e-07 9.624538237979602954e-08
3.745528393800000049e+04 2.770162365855811730e-07 7.234348639697399883e-08
3.749662531100000342e+04 3.105553978247458442e-07 6.175206832165152824e-08
3.753796668400000635e+04 3.232096805151185846e-07 8.200361929429167659e-08
3.757930805700000201e+04 3.108093688079433285e-07 9.169286877491025919e-08
3.762064943000000494e+04 2.798617527134597908e-07 7.160623504880430951e-08
3.766199080300000060e+04 2.446842549972145001e-07 3.201162588045404695e-08
3.770333217600000353e+04 2.212180189788853534e-07 3.693614730823617414e-08
3.774467354900000646e+04 2.194204695631932615e-07 6.574643238096129083e-08
3.778601492200000212e+04 2.383264030459235511e-07 6.742078572626958686e-08
3.782735629500000505e+04 2.673396407389112841e-07 5.015266464370087965e-08
3.786869766800000070e+04 2.918953203768318064e-07 6.339779972828540828e-08
3.791003904100000364e+04 3.000788101245627550e-07 9.749429184198329035e-08
3.795138041400000657e+04 2.874246960262272141e-07 1.083827809160440909e-07
3.799272178700000222e+04 2.579793419724184697e-07 8.382662513936030890e-08
3.803406316000000515e+04 2.228666357294242813e-07 3.740319277554735928e-08
3.807540453300000081e+04 1.959954730081575073e-07 4.139767691389052880e-08
3.811674590600000374e+04 1.873915915279796839e-07 7.510336741215871680e-08
3.815808727900000667e+04 1.986681349165456844e-07 8.164698729549732578e-08
3.819942865200000233e+04 2.230235883372836890e-07 7.275132531738840873e-08
3.824077002500000526e+04 2.481665759236326197e-07 8.494656708715723241e-08
3.828211139800000092e+04 2.618895752299609398e-07 1.086646267372912466e-07
3.832345277100000385e+04 2.578984298502900192e-07 1.079526845124394540e-07
3.836479414400000678e+04 2.376831984788891897e-07 7.156553937565368814e-08
3.840613551700000244e+04 2.099198056411651335e-07 2.052589110322765676e-08
3.844747689000000537e+04 1.877635399062593785e-07 6.077936173510119983e-08
3.848881826300000102e+04 1.825627704373737253e-07 1.010558635025104961e-07
3.853015963600000396e+04 1.977505216601889847e-07 1.111412679402896384e-07
3.857150100900000689e+04 2.272601134255408801e-07 1.045237282141250548e-07
3.861284238200000254e+04 2.585341060644788394e-07 1.091325326296185668e-07
3.865418375500000548e+04 2.787057438428380713e-07 1.218008387609374095e-07
3.869552512800000113e+04 2.805928115605583371e-07 1.141107111297059756e-07
3.873686650100000406e+04 2.651849004962594346e-07 7.500555464963240879e-08
3.877820787400000700e+04 2.412141555961964864e-07 2.340394275522604417e-08
3.881954924700000265e+04 2.218883985736052550e-07 5.729047434716966619e-08
3.886089062000000558e+04 2.182511114273535517e-07 9.470461680078416419e-08
3.890223199300000124e+04 2.332430270020832095e-07 9.848957845170592364e-08
3.894357336600000417e+04 2.604528689994408103e-07 7.972114129145238871e-08
3.898491473900000710e+04 2.879670407679797460e-07 8.110676554358775559e-08
3.902625611200000276e+04 3.044125408663136007e-07 1.091687177312432874e-07
3.906759748500000569e+04 3.038840916416518717e-07 1.206818886194325331e-07
3.910893885800000135e+04 2.878047616187955077e-07 9.724626656459274400e-08
3.915028023100000428e+04 2.642702396766260550e-07 5.081042139685021702e-08
3.919162160400000721e+04 2.444696045741044370e-07 4.566267480611038870e-08
3.923296297700000287e+04 2.369847751436866775e-07 7.752426241110064883e-08
3.927430435000000580e+04 2.440093635012681074e-07 7.862586732911633187e-08
3.931564572300000145e+04 2.611607616979783344e-07 4.821536595631625716e-08
3.935698709600000439e+04 2.796146661649227003e-07 5.639544721366003419e-08
3.939832846900000732e+04 2.903647517502731872e-07 1.066603712855462937e-07
3.943966984200000297e+04 2.884015875212751414e-07 1.301202336842960818e-07
3.948101121500000590e+04 2.737795041084728470e-07 1.092604075962845739e-07
3.952235258800000156e+04 2.511841029878995099e-07 5.514027280983339444e-08
3.956369396100000449e+04 2.287886544317017371e-07 3.762746437337801835e-08
3.960503533400000742e+04 2.145993503692225622e-07 7.844926414606549281e-08
3.964637670700000308e+04 2.128077087490603339e-07 8.720348312501238352e-08
3.968771808000000601e+04 2.227997027308563310e-07 6.611451132664255264e-08
3.972905945300000167e+04 2.393640969467565475e-07 7.114203101406005474e-08
3.977040082600000460e+04 2.547023266145823751e-07 1.101001201525710801e-07
3.981174219900000753e+04 2.618359683580454384e-07 1.259928765342156683e-07
3.985308357200000319e+04 2.572062162632483603e-07 9.934196158775439648e-08
3.989442494500000612e+04 2.419968983200490634e-07 4.276771046456742555e-08
3.993576631800000177e+04 2.221377231413343307e-07 4.297849374722515365e-08
3.997710769100000471e+04 2.061615225101850998e-07 8.802870922326422999e-08
4.001844906400000764e+04 2.017861340720371751e-07 1.018846763009419170e-07
4.005979043700000329e+04 2.120013728619937922e-07 9.202620077214990490e-08
4.010113181000000623e+04 2.329583906390202099e-07 9.411379155466049482e-08
4.014247318300000188e+04 2.565021228403257387e-07 1.149605075909521013e-07
4.018381455600000481e+04 2.738247461660609254e-07 1.205581371989008927e-07
4.022515592900000775e+04 2.783898667857798494e-07 9.343503232857258977e-08
4.026649730200000340e+04 2.691263225213786112e-07 4.388696514796576351e-08
4.030783867500000633e+04 2.513215038616501973e-07 3.744356648864288639e-08
4.034918004800000199e+04 2.340536241448565292e-07 7.193308386113213786e-08
4.039052142100000492e+04 2.261421829855474372e-07 7.923364786897845582e-08
4.043186279400000785e+04 2.321649024670585761e-07 6.086518179696253103e-08
4.047320416700000351e+04 2.501003818002157970e-07 5.580410178932889097e-08
4.051454554000000644e+04 2.729597129480123419e-07 8.336195807727290545e-08
4.055588691300000210e+04 2.922856514401920431e-07 1.001088794490703966e-07
4.059722828600000503e+04 3.009731728177888632e-07 8.614828466995538532e-08
4.063856965900000068e+04 2.958963493578825774e-07 4.656083128477715364e-08
4.067991103200000362e+04 2.795734146996505423e-07 1.982519612118576489e-08
4.072125240500000655e+04 2.592508133309486168e-07 4.727957158471589226e-08
4.076259377800000220e+04 2.437039700515902291e-07 5.332405821924611414e-08
4.080393515100000513e+04 2.391646869329496534e-07 2.950916395177526018e-08
4.084527652400000079e+04 2.468758256907036403e-07 2.831271291204801097e-08
4.088661789700000372e+04 2.631827982770421796e-07 7.160662584306473370e-08
4.092795927000000665e+04 2.810529327643415546e-07 9.588713897455066175e-08
4.096930064300000231e+04 2.923586034446034847e-07 8.724849550323577068e-08
4.101064201600000524e+04 2.910369064812982461e-07 5.008987979025226404e-08
4.105198338900000090e+04 2.760089514497648081e-07 1.014111014214595068e-08
4.109332476200000383e+04 2.524127673049403846e-07 3.952157470761446543e-08
4.113466613500000676e+04 2.293303172569087338e-07 5.320917271750523684e-08
4.117600750800000242e+04 2.155714744528803703e-07 4.466371971081943682e-08
4.121734888100000535e+04 2.161631219205733439e-07 4.547495842704302424e-08
4.125869025400000100e+04 2.302928418149253049e-07 7.147034684182438468e-08
4.130003162700000394e+04 2.512302128839572129e-07 8.920137442661982956e-08
4.134137300000000687e+04 2.690368214928224446e-07 8.305239760246693301e-08
4.138271437300000252e+04 2.749606064992332746e-07 5.845244879229299646e-08
4.142405574600000546e+04 2.656082566090686565e-07 4.261329985252954109e-08
4.146539711900000111e+04 2.448754980190183586e-07 5.605680797434983923e-08
4.150673849200000404e+04 2.221630376404950580e-07 7.010799860767660441e-08
4.154807986500000698e+04 2.078469897462797891e-07 7.345146205191497568e-08
4.158942123800000263e+04 2.083596575922349224e-07 7.375277247155436451e-08
4.163076261100000556e+04 2.235112707280780974e-07 7.843035088178128998e-08
4.167210398400000122e+04 2.468815231206705539e-07 8.228610601530400648e-08
4.171344535700000415e+04 2.683749093869091722e-07 7.697192963972928633e-08
4.175478673000000708e+04 2.787017206655825749e-07 6.166273291180420174e-08
4.179612810300000274e+04 2.741000416831458784e-07 4.432886382965946648e-08
4.183746947600000567e+04 2.579729743049978385e-07 3.794085277873342613e-08
4.187881084900000133e+04 2.387348090241800331e-07 4.305702904082309601e-08
4.192015222200000426e+04 2.259126163316046136e-07 4.647142389787487456e-08
4.196149359500000719e+04 2.257976044043891603e-07 4.242369843536703325e-08
4.200283496800000285e+04 2.385847339142523433e-07 3.553826037389484884e-08
4.204417634100000578e+04 2.592589415083262067e-07 3.716040061607914889e-08
4.208551771400000143e+04 2.799066218685736780e-07 4.632332039239252596e-08
4.212685908700000437e+04 2.924054676283603574e-07 5.127746166309259051e-08
4.216820046000000730e+04 2.921772045340879248e-07 4.597436831617678268e-08
4.220954183300000295e+04 2.806016640592330263e-07 3.104133116145161612e-08
4.225088320600000588e+04 2.638125006233491688e-07 1.346013756763000920e-08
4.229222457900000154e+04 2.494324962533947029e-07 1.343244267327393629e-08
4.233356595200000447e+04 2.437976195346988038e-07 1.872034191085193102e-08
