<!--
 Git information:
    i-PI version: unknown
      Remote URL: https://github.com/i-pi/i-pi.git
          Branch: main                    
     Last Commit: f5d94d4a2cbc6262d4730c8559e1ad81151cec4f

 Simulation information:
           Machine Name: ockham.pl.ucsd.edu
      Working Directory: /home/rrashmi/tutorials/QDMS/final/timecorrs/0-classical-therm
          Date and Time: 2025-07-15 11:52:38
-->
<simulation verbosity='low'>
   <prng>
      <seed>32415</seed>
      <state>[{"bit_generator": "MT19937", "state": {"key": [1163677286, 3646696376, 3741739201, 3173471215, 4195897888, 4030736211, 286478698, 2317823570, 742488018, 3944817317, 3400144543, 2783209949, 2485741215, 1273349325, 2572608839, 2658705835, 3236633844, 2313114855, 1678775843, 1878654456, 446197881, 2234377338, 1438089135, 1625126955, 716105282, 1792627905, 2528691423, 1485544821, 1953887144, 3610574394, 469426459, 2879218016, 4219986133, 3800642329, 1067235886, 1162562001, 2268974571, 3954854419, 2381020990, 3062898184, 1531035221, 3807524291, 3694333817, 3520528413, 4209859059, 1721802462, 3520722231, 1181757915, 2904471918, 3815952457, 1819721784, 3594925481, 4266458067, 2762396712, 3769663640, 1298004448, 1057420330, 2098194090, 3068538144, 992940049, 2524885594, 4085830595, 446225809, 3410140508, 1882698219, 1611046509, 4066135924, 3319263336, 879887589, 3394228619, 679501129, 3291356675, 1050858617, 2844077208, 4018727536, 3732463761, 3904436912, 3957513008, 3668859051, 254746136, 785476818, 2179049970, 2128865904, 3011361504, 2284656925, 1663711750, 286035450, 1612066565, 3303871945, 2168720454, 2791520002, 1750197220, 2024478823, 217412868, 3771963787, 2604476726, 67260754, 3527316070, 1453061809, 871305511, 2819992464, 3092000338, 3655673071, 2621996772, 2360825870, 519565467, 3194010189, 3643689155, 2387780210, 3860077540, 2044628655, 1720147433, 3762828698, 4215907815, 217443257, 3856963642, 3080776832, 232110861, 1250548014, 1862143042, 3828461129, 1046317778, 507050171, 2725661845, 758862962, 1924179924, 422012740, 2190707354, 18133236, 2800895739, 171715278, 3175086701, 1267832662, 1367730156, 107503437, 4204576359, 2770866750, 2538983017, 2666547412, 3723007603, 2150409402, 3997148648, 721387687, 4223371749, 1199407316, 378369696, 4019666898, 1338835433, 2277231378, 1127936173, 1085350689, 192720874, 782979379, 3773934907, 48430800, 3128045473, 1948621339, 2593694824, 2350272199, 194835635, 888099806, 310391375, 3781625525, 663619783, 3496723883, 779054327, 1105827226, 2323197881, 1365763635, 3145560448, 3014979136, 2364086056, 2534603232, 1832778342, 1741700393, 197959094, 1938905355, 4215837734, 1439175547, 3863401951, 983777297, 3848093717, 2896498008, 3234634207, 1205428932, 926575112, 3829216951, 288760930, 3651475418, 2933906333, 1143283274, 2216258441, 4267551438, 1823756034, 3011264988, 316140999, 2870275086, 869352383, 523220675, 395992716, 129515434, 3395535773, 3233352168, 760801797, 3092669050, 2876659639, 1082036750, 426731564, 2565488596, 3203150710, 474926444, 4273920611, 3199080320, 330031445, 1646671390, 3124029627, 633997914, 4249449984, 3104579180, 1033390188, 2898903025, 1913609660, 1047306782, 4187235474, 2254200168, 720957526, 124296129, 2584527634, 2759089229, 1219609209, 1736734929, 3282320519, 1973938534, 3996624500, 1592507579, 4259423807, 4148927023, 1092167446, 2230034523, 1821644695, 2574144235, 1370764740, 813603798, 1065074849, 3556288029, 4137238904, 3365564791, 3975976300, 3221473362, 2307068941, 737806904, 3390907784, 388188302, 1674219111, 2084015608, 531944249, 1190838910, 402743027, 2716230992, 4047048623, 2261601574, 716643690, 4103785471, 3911813275, 4275812228, 265041812, 2453283769, 2108300052, 3709980837, 1802809353, 1576519618, 1795244291, 4092749616, 2563818827, 2425686479, 216402305, 3551330529, 1568003762, 1246735044, 3277570423, 2902947336, 3967585713, 814268890, 3768019194, 2893444109, 1942257024, 1417934502, 4010584926, 2831383565, 2681122441, 1105968198, 3108912901, 2717320231, 3872385036, 631922902, 2658553557, 2714539098, 1551312949, 711838253, 2091627866, 565947325, 533795130, 3149099604, 3209420275, 3102882792, 903384283, 2637643673, 3998084567, 2201366562, 3590001945, 1186575902, 3907454303, 3946274144, 1008514468, 3438626664, 910088660, 2206048103, 246520959, 3568973463, 2024443381, 3401648948, 837328185, 3268977335, 3505076244, 3103246897, 4065562141, 1871381329, 2989738038, 1641562997, 1800502666, 3622188022, 3900581046, 325941347, 3349917120, 1954092001, 3178813500, 1939254878, 122296065, 3759328740, 1473713930, 3423624138, 2506326309, 1164790599, 1386276583, 4288112722, 2872663940, 4050908315, 3084763151, 673934366, 3005097982, 1657606632, 41063873, 1025741370, 3605762464, 3654472059, 3398220770, 1077924529, 414819412, 274748349, 1613197245, 1624949983, 1118771646, 2482001149, 1675063636, 2922407653, 3152045667, 680098731, 737006661, 4236638613, 77819029, 4283742916, 1802792432, 1061176147, 1348022150, 1302270467, 93359705, 3226937316, 3699401293, 3814682961, 2643549688, 1986252788, 3500498253, 3942812072, 3526966156, 2222929577, 2943588434, 3677293015, 3359159038, 4164451167, 1041672079, 1518746936, 2368540, 1175150212, 1718318719, 208052851, 1287640356, 892178511, 711566464, 783876405, 1980470189, 2294718580, 3014009548, 3230361077, 419361584, 2020649261, 3315054650, 954574413, 108768648, 3869044210, 2326538968, 681023414, 788012105, 2639828234, 2638830858, 4020328441, 964571996, 1740974872, 3838148616, 4239205423, 3237648193, 2156103418, 2624972500, 2937420130, 3311777742, 363905406, 1814379018, 2742085398, 1190201181, 1478044027, 3993327979, 4132356190, 3413492633, 1650005228, 4185741021, 2707113213, 2510660169, 961201054, 243349597, 1985991527, 3297966129, 3048416162, 1866117179, 4235154732, 510713038, 3252265450, 271246633, 2876448827, 2157157630, 1946190385, 763764956, 3939281465, 3452005006, 868851373, 1158578001, 3940240701, 758658004, 2295159078, 2972631251, 145594472, 2073317494, 2522492539, 3577158366, 4257012468, 371769505, 1213513353, 2341538100, 1643984773, 3916181729, 2077450535, 3439558751, 1193216370, 1008949228, 1255965249, 163491425, 26707235, 1119841365, 389685253, 252431830, 2212652524, 565235861, 2432136035, 931453416, 1349527193, 4160315502, 373000302, 2310989715, 3428263314, 1528800441, 698936460, 2240456917, 452899397, 2333553872, 2083327032, 2824127016, 2329882986, 1394357327, 482692552, 2566184373, 601717058, 2319057633, 1403903340, 1677132024, 3462274399, 3769906725, 1605780232, 1828056013, 2170157008, 1584997426, 323826096, 1523208904, 851659953, 2979458809, 2279633230, 4231666473, 3272118760, 1297410923, 2125344584, 934769663, 2275104973, 994767795, 2069558039, 2869007223, 3950537738, 3127926473, 1363600666, 1161938762, 20484749, 2995275845, 3386031648, 3871998439, 371561307, 3636738208, 1188270390, 2443581616, 596355353, 442196311, 3815198641, 2530727600, 728505116, 2726678322, 1668256094, 2741513842, 3169154245, 1696608478, 3638428881, 3747565459, 1434176661, 3754416761, 3101133956, 330777325, 3723585239, 126892282, 566456458, 1473664564, 2552983347, 1388545658, 1065090862, 2645964654, 4270791642, 1311337084, 61819008, 3239478702, 2510123917, 1891774751, 1981807840, 3388235435, 8151288, 364703221, 2180500297, 3498269399, 2206945808, 1329158180, 1309981736, 4066012998, 1835672129, 1195742215, 1427429788, 3089032943, 3704254490, 429577885, 2210328963, 1769949100, 1164657589, 1306297667, 1210905830, 428817763, 261608995, 678036301, 1052436606, 392790907, 1126654369, 2123573155, 2435968930, 1128294202, 3842556849, 3659230549, 2772958808, 1921019490, 2247609167, 1468491678, 800542212, 1360615971, 1671554937, 3557957937, 2856144060, 2840499242, 87095428, 562783284, 3070362955, 1433875902, 1040831409, 3838829827, 1336364221, 3773621839, 2194828104, 4154079019, 1340783372, 2379799334, 3715771879, 4272033046, 2132028606, 1545013440, 3434596826, 394508156], "pos": 435}}]</state>
   </prng>
   <output prefix='simulation'>
      <properties shape='(7)' stride='200'>
       [ step, time{picosecond}, conserved, temperature{kelvin}, kinetic_md{electronvolt}, 
         kinetic_cv{electronvolt}, potential{electronvolt} ]
      </properties>
      <trajectory filename='pos' stride='200'>positions{angstrom}</trajectory>
      <trajectory filename='vel' stride='200'>velocities</trajectory>
      <checkpoint stride='4000' overwrite='False'>26</checkpoint>
   </output>
   <step>100000</step>
   <total_steps>100000</total_steps>
   <ffsocket mode='unix' name='driver'>
      <address>oh-md</address>
      <latency>  1.00000000e-10</latency>
   </ffsocket>
   <system>
      <forces>
         <force forcefield='driver'>
         </force>
      </forces>
      <ensemble>
         <temperature>  3.45182857e-04</temperature>
         <hamiltonian_weights shape='(1)'> [   1.00000000e+00 ] </hamiltonian_weights>
         <time>  2.06706865e+06</time>
      </ensemble>
      <motion mode='dynamics'>
         <fixcom>False</fixcom>
         <dynamics mode='nvt'>
            <thermostat mode='langevin'>
               <ethermo>  1.34278658e-03</ethermo>
               <tau>  4.13413730e+02</tau>
            </thermostat>
            <timestep>  2.06706865e+01</timestep>
            <nmts shape='(1)'> [ 1 ] </nmts>
         </dynamics>
      </motion>
      <beads natoms='2' nbeads='1'>
         <q shape='(1, 6)'>
          [  -4.52101355e+00,  -9.37514371e-01,  -2.04635295e+00,  -5.12030048e+00,  -1.85994685e+00, 
             -3.50693538e+00 ]
         </q>
         <p shape='(1, 6)'>
          [   8.94094716e-01,  -1.56775592e+00,   3.52850362e+00,   4.43327732e-01,   2.04640265e-01, 
             -6.87595485e-01 ]
         </p>
         <m shape='(2)'> [   2.91651223e+04,   1.83736223e+03 ] </m>
         <names shape='(2)'> [ O, H ] </names>
      </beads>
      <cell shape='(3, 3)'>
       [   1.88972610e+02,   1.15712351e-14,   1.15712351e-14,   0.00000000e+00,   1.88972610e+02, 
           1.15712351e-14,   0.00000000e+00,   0.00000000e+00,   1.88972610e+02 ]
      </cell>
   </system>
</simulation>
