0.000000000000000000e+00 1.772049868739715342e-06 4.034687753041828215e-07
4.134137300000000437e+01 1.691895595675453359e-06 3.953725933525134690e-07
8.268274600000000873e+01 1.493182565279701206e-06 3.746028182562473033e-07
1.240241190000000131e+02 1.229526301132304695e-06 3.508670580593672023e-07
1.653654920000000175e+02 9.611364323788397374e-07 3.351467837005501501e-07
2.067068650000000218e+02 7.417669424737909252e-07 3.343555548438900346e-07
2.480482380000000262e+02 6.080087681517431804e-07 3.485646752434526318e-07
2.893896110000000590e+02 5.741711850435037407e-07 3.729606027877098690e-07
3.307309840000000349e+02 6.346792553653540698e-07 4.023492334441717128e-07
3.720723570000000109e+02 7.680510451451645901e-07 4.320766175095001103e-07
4.134137300000000437e+02 9.419277618415689980e-07 4.582784338566351559e-07
4.547551030000000765e+02 1.118873580306054897e-06 4.772342999016973531e-07
4.960964760000000524e+02 1.261926739801227365e-06 4.861640046543643709e-07
5.374378490000000284e+02 1.342577460512757158e-06 4.839260087152093595e-07
5.787792220000001180e+02 1.346909774490387246e-06 4.704409949176922522e-07
6.201205950000000939e+02 1.278648764036201971e-06 4.493130451343812204e-07
6.614619680000000699e+02 1.155984290635794368e-06 4.272099647936196323e-07
7.028033410000000458e+02 1.007910151887988680e-06 4.114941403264187280e-07
7.441447140000000218e+02 8.657644739846471257e-07 4.078055351146245744e-07
7.854860870000001114e+02 7.565755885411241915e-07 4.181181577752048439e-07
8.268274600000000873e+02 6.975991280317280672e-07 4.393780625601688998e-07
8.681688330000000633e+02 6.938559945514877673e-07 4.652432208397939751e-07
9.095102060000001529e+02 7.386434532726051473e-07 4.900957647579629471e-07
9.508515790000001289e+02 8.164512639382811175e-07 5.098495506517997259e-07
9.921929520000001048e+02 9.069341605762512161e-07 5.221662231788254174e-07
1.033534325000000081e+03 9.902481709753085652e-07 5.258272966978776740e-07
1.074875698000000057e+03 1.048936813368897090e-06 5.211070325804299285e-07
1.116217071000000033e+03 1.072826167837834670e-06 5.091783720284385302e-07
1.157558444000000236e+03 1.059896823163317929e-06 4.933566541313555442e-07
1.198899817000000212e+03 1.015736434796432572e-06 4.768451298339890079e-07
1.240241190000000188e+03 9.523077725385811350e-07 4.621152072475536793e-07
1.281582563000000164e+03 8.837910774204378701e-07 4.519743576510265247e-07
1.322923936000000140e+03 8.240944019452450340e-07 4.473061604346568561e-07
1.364265309000000116e+03 7.834063971338045289e-07 4.479342134105760844e-07
1.405606682000000092e+03 7.673019114482715332e-07 4.514081002670432634e-07
1.446948055000000068e+03 7.764840781524713816e-07 4.549237736092015820e-07
1.488289428000000044e+03 8.075094534143031741e-07 4.548475676749487694e-07
1.529630801000000247e+03 8.533208351829655011e-07 4.484519948149860935e-07
1.570972174000000223e+03 9.041974163751273941e-07 4.354760989525244548e-07
1.612313547000000199e+03 9.496418176948043438e-07 4.176906893404081829e-07
1.653654920000000175e+03 9.802550635350615035e-07 3.984577201336103124e-07
1.694996293000000151e+03 9.909876040075443627e-07 3.804170601182799888e-07
1.736337666000000127e+03 9.808124197834138307e-07 3.659777398893518278e-07
1.777679039000000103e+03 9.531391003893977628e-07 3.564034953972775775e-07
1.819020412000000306e+03 9.147797485878846220e-07 3.528911464610223052e-07
1.860361785000000282e+03 8.725921519643596377e-07 3.572162924638654317e-07
1.901703158000000258e+03 8.337385362103834855e-07 3.677415190305503481e-07
1.943044531000000234e+03 8.040273350609476218e-07 3.812190242798633137e-07
1.984385904000000210e+03 7.874434171972045394e-07 3.936227699221206043e-07
2.025727277000000186e+03 7.859592504431450434e-07 4.006650322445348435e-07
2.067068650000000162e+03 7.977966354741385305e-07 4.001543808564948344e-07
2.108410023000000365e+03 8.186235837271072513e-07 3.923825962440295741e-07
2.149751396000000113e+03 8.421099861236879500e-07 3.789617936186768806e-07
2.191092769000000317e+03 8.621469845970296300e-07 3.620328538378569792e-07
2.232434142000000065e+03 8.734244227638101026e-07 3.447960774873543564e-07
2.273775515000000269e+03 8.732150635498822134e-07 3.297869610238259030e-07
2.315116888000000472e+03 8.612519114264032246e-07 3.196159519258502388e-07
2.356458261000000221e+03 8.393088511516708615e-07 3.159586170952826213e-07
2.397799634000000424e+03 8.116575374330115168e-07 3.193895419756558325e-07
2.439141007000000172e+03 7.828992439798543403e-07 3.289760408403589166e-07
2.480482380000000376e+03 7.565522566588705199e-07 3.420146857353329435e-07
2.521823753000000124e+03 7.355520834597846553e-07 3.545375791548194144e-07
2.563165126000000328e+03 7.218800778403734328e-07 3.635656324611732851e-07
2.604506499000000076e+03 7.164458554456550945e-07 3.665689952807681155e-07
2.645847872000000280e+03 7.193659194357598931e-07 3.625121575123508780e-07
2.687189245000000483e+03 7.292963533067491218e-07 3.511727587216307117e-07
2.728530618000000231e+03 7.430625071250825990e-07 3.340689098089348207e-07
2.769871991000000435e+03 7.565916343260299946e-07 3.137659759086360593e-07
2.811213364000000183e+03 7.662438233118662108e-07 2.933064257920364472e-07
2.852554737000000387e+03 7.688405685896823582e-07 2.763248636871041672e-07
2.893896110000000135e+03 7.626387802522056218e-07 2.658235205581418168e-07
2.935237483000000339e+03 7.482081316894154128e-07 2.629040255246772952e-07
2.976578856000000087e+03 7.270250242474570968e-07 2.679815443866688834e-07
3.017920229000000290e+03 7.020947983532568871e-07 2.795023853196905670e-07
3.059261602000000494e+03 6.768079536532566603e-07 2.938029863059008958e-07
3.100602975000000242e+03 6.544436414250747512e-07 3.068676963186059384e-07
3.141944348000000446e+03 6.385576581029228110e-07 3.138620184454311689e-07
3.183285721000000194e+03 6.306828181591945337e-07 3.117470043597643339e-07
3.224627094000000398e+03 6.313968590856709675e-07 2.997341785370097429e-07
3.265968467000000146e+03 6.398618075181727799e-07 2.794171724823763251e-07
3.307309840000000349e+03 6.536080455996200660e-07 2.543969836344474399e-07
3.348651213000000553e+03 6.684815445150873033e-07 2.294744072713400444e-07
3.389992586000000301e+03 6.803967337588222864e-07 2.091009972501980509e-07
3.431333959000000505e+03 6.853991097818093790e-07 1.961742142335698933e-07
3.472675332000000253e+03 6.807396065180055332e-07 1.924411436281443723e-07
3.514016705000000456e+03 6.668593020099994221e-07 1.967915231858548539e-07
3.555358078000000205e+03 6.457058475345629688e-07 2.070675771745559269e-07
3.596699451000000408e+03 6.205600169164894881e-07 2.199759348748168813e-07
3.638040824000000612e+03 5.948763091851298984e-07 2.319468050470661928e-07
3.679382197000000360e+03 5.717755803631354216e-07 2.396703123251431738e-07
3.720723570000000564e+03 5.539814450436131331e-07 2.407069985795645118e-07
3.762064943000000312e+03 5.432597994813922440e-07 2.341467354322918181e-07
3.803406316000000515e+03 5.400589742382305215e-07 2.213246862032293867e-07
3.844747689000000264e+03 5.435555133562318363e-07 2.046064384037882291e-07
3.886089062000000467e+03 5.516249376229144626e-07 1.861478549352964076e-07
3.927430435000000216e+03 5.612662403053399871e-07 1.686218905134644482e-07
3.968771808000000419e+03 5.690445190277914686e-07 1.547069548678084970e-07
4.010113181000000623e+03 5.726136246964265790e-07 1.464981172814167112e-07
4.051454554000000371e+03 5.700833034630180114e-07 1.445868960731838745e-07
4.092795927000000574e+03 5.608750683134941795e-07 1.479394254305449597e-07
4.134137300000000323e+03 5.455008304196135055e-07 1.546004242620845645e-07
4.175478673000000526e+03 5.253377252230970671e-07 1.618903974523761698e-07
4.216820046000000730e+03 5.026788087623841431e-07 1.674734523353801861e-07
4.258161419000000024e+03 4.802494561080679717e-07 1.703025484551606861e-07
4.299502792000000227e+03 4.606804308570768435e-07 1.700961564207476288e-07
4.340844165000000430e+03 4.463163357828013622e-07 1.663673608792753414e-07
4.382185538000000633e+03 4.386173573711914243e-07 1.585221443259505481e-07
4.423526911000000837e+03 4.375494536089162874e-07 1.463051251097754061e-07
4.464868284000000131e+03 4.419126608908673576e-07 1.305700261107723472e-07
4.506209657000000334e+03 4.497534301806998303e-07 1.136451794856070033e-07
4.547551030000000537e+03 4.584179042464735298e-07 9.880209273580491152e-08
4.588892403000000741e+03 4.650520411876381174e-07 8.920147669567699918e-08
4.630233776000000944e+03 4.671655554598172249e-07 8.620008759222492485e-08
4.671575149000000238e+03 4.631753021661872822e-07 8.843618913224134727e-08
4.712916522000000441e+03 4.522620247381936451e-07 9.307367212234463636e-08
4.754257895000000644e+03 4.350602717453258993e-07 9.796882297762463388e-08
4.795599268000000848e+03 4.135218357369270805e-07 1.022800674880899425e-07
4.836940641000000142e+03 3.905496129720943793e-07 1.057053124839445182e-07
4.878282014000000345e+03 3.697064258871506992e-07 1.077868752325865197e-07
4.919623387000000548e+03 3.536288389271092096e-07 1.076356195709275426e-07
4.960964760000000751e+03 3.438683384300552249e-07 1.036021915148977578e-07
5.002306133000000955e+03 3.409357764715437822e-07 9.471570490063790131e-08
5.043647506000000249e+03 3.441292475462234036e-07 8.151998505181172482e-08
5.084988879000000452e+03 3.507775659287564096e-07 6.739698109580272363e-08
5.126330252000000655e+03 3.574697757348358781e-07 5.758218933602989125e-08
5.167671625000000859e+03 3.615444206159466755e-07 5.526306884677867700e-08
5.209012998000000152e+03 3.610167994884615286e-07 5.839848748843106463e-08
5.250354371000000356e+03 3.547548359188621746e-07 6.275099992745495388e-08
5.291695744000000559e+03 3.432031226777205359e-07 6.602042837416981215e-08
5.333037117000000762e+03 3.277803048136790978e-07 6.800147958643776035e-08
5.374378490000000966e+03 3.103560809313065338e-07 6.916790608182588825e-08
5.415719863000000259e+03 2.934963185918726482e-07 6.969773325692649776e-08
5.457061236000000463e+03 2.787975432884304575e-07 6.896214081467351994e-08
5.498402609000000666e+03 2.673639539403150704e-07 6.617516034007387497e-08
5.539743982000000869e+03 2.600826873890489988e-07 6.120379979327234390e-08
5.581085355000000163e+03 2.572164452573551236e-07 5.473482817308986411e-08
5.622426728000000367e+03 2.582412047121776671e-07 4.914183553355126265e-08
5.663768101000000570e+03 2.618564640247780709e-07 4.802035773340456314e-08
5.705109474000000773e+03 2.663051145447373353e-07 5.358314076165957906e-08
5.746450847000000977e+03 2.688263186717361867e-07 6.330353462278266782e-08
5.787792220000000270e+03 2.671572613810320358e-07 7.289377013119931904e-08
5.829133593000000474e+03 2.601903423138016450e-07 8.006473351947554601e-08
5.870474966000000677e+03 2.477924862351031422e-07 8.421041365526074429e-08
5.911816339000000880e+03 2.313693944300059755e-07 8.590240495142218130e-08
5.953157712000000174e+03 2.136172319899320547e-07 8.604877848323499020e-08
5.994499085000000377e+03 1.969621626302010285e-07 8.492420610618846357e-08
6.035840458000000581e+03 1.834312265756732859e-07 8.247673137528858308e-08
6.077181831000000784e+03 1.740741398945903289e-07 7.854774555902837573e-08
6.118523204000000987e+03 1.696906908298288290e-07 7.439644164200443838e-08
6.159864577000000281e+03 1.701338351791922721e-07 7.191636912644645022e-08
6.201205950000000485e+03 1.749376831437546096e-07 7.327769611908962804e-08
6.242547323000000688e+03 1.824563549604545133e-07 7.977815125713938345e-08
6.283888696000000891e+03 1.896227614183855549e-07 9.068966066055805920e-08
6.325230069000001095e+03 1.938253821926568096e-07 1.038080882463226078e-07
6.366571442000000388e+03 1.930622738205941865e-07 1.167117722640080729e-07
6.407912815000000592e+03 1.857564744229424878e-07 1.266505882614316383e-07
6.449254188000000795e+03 1.723701563164706048e-07 1.323918479638411327e-07
6.490595561000000998e+03 1.545126392307146648e-07 1.336373152741567969e-07
6.531936934000000292e+03 1.348635272136350374e-07 1.312198274298151041e-07
6.573278307000000495e+03 1.171714157656491291e-07 1.267987329067522409e-07
6.614619680000000699e+03 1.041101448656765826e-07 1.220204365596306946e-07
6.655961053000000902e+03 9.710539278944508387e-08 1.177754050389409178e-07
6.697302426000001105e+03 9.597700083927286789e-08 1.142276738237292450e-07
6.738643799000000399e+03 9.913282617840949996e-08 1.120111609918695802e-07
6.779985172000000603e+03 1.044492516393700569e-07 1.114860355338157188e-07
6.821326545000000806e+03 1.096251450961840195e-07 1.133202099353477013e-07
6.862667918000001009e+03 1.126250864647806881e-07 1.182870285590096387e-07
6.904009291000000303e+03 1.122476815217088288e-07 1.267214231856788462e-07
6.945350664000000506e+03 1.082967598280798236e-07 1.376344956263368411e-07
6.986692037000000710e+03 1.010586079375372752e-07 1.490227561319186437e-07
7.028033410000000913e+03 9.109964074140994336e-08 1.592693223375720358e-07
7.069374783000001116e+03 7.998474452491878038e-08 1.671631673765272114e-07
7.110716156000000410e+03 6.907658637140738801e-08 1.718746664630915750e-07
7.152057529000000613e+03 5.946486941999675861e-08 1.726474859655940644e-07
7.193398902000000817e+03 5.208047169508847314e-08 1.697454012838875535e-07
7.234740275000001020e+03 4.746714767673174676e-08 1.642244759068375542e-07
7.276081648000001223e+03 4.559402406866516151e-08 1.578748772425928629e-07
7.317423021000000517e+03 4.546321766237236765e-08 1.520423334566927121e-07
7.358764394000000721e+03 4.583559414820338666e-08 1.482098110865890326e-07
7.400105767000000924e+03 4.546421031126773705e-08 1.473891231474892877e-07
7.441447140000001127e+03 4.433405325994403420e-08 1.498414881441713818e-07
7.482788513000000421e+03 4.263833234057821126e-08 1.545806915124627321e-07
7.524129886000000624e+03 4.009070452343581171e-08 1.611866469662069218e-07
7.565471259000000828e+03 3.578591154358378603e-08 1.687195976447578385e-07
7.606812632000001031e+03 2.931867549556090892e-08 1.763239669440150634e-07
7.648154005000001234e+03 2.133922595965470497e-08 1.831476995110437629e-07
7.689495378000000528e+03 1.244735801256028813e-08 1.880865648358126347e-07
7.730836751000000731e+03 3.854691170807563294e-09 1.904702663422127949e-07
7.772178124000000935e+03 -3.113634959904537463e-09 1.900128367087057796e-07
7.813519497000001138e+03 -7.714324363703102599e-09 1.870481233772727012e-07
7.854860870000000432e+03 -8.892074736815205237e-09 1.830441221202305567e-07
7.896202243000000635e+03 -6.649505220803414816e-09 1.792088307343538936e-07
7.937543616000000839e+03 -2.382883018658155217e-09 1.765305793336080183e-07
7.978884989000001042e+03 2.464617088113409242e-09 1.759460983105780147e-07
8.020226362000001245e+03 6.733485784213119854e-09 1.775243221878638861e-07
8.061567735000000539e+03 9.047910583135439004e-09 1.799706040794670001e-07
8.102909108000000742e+03 7.644099316660799636e-09 1.829498653749259194e-07
8.144250481000000946e+03 2.026216800633630971e-09 1.868448008876134411e-07
8.185591854000001149e+03 -7.304162023240938759e-09 1.918067867486683705e-07
8.226933227000001352e+03 -1.907222741441051529e-08 1.968951980419563154e-07
8.268274600000000646e+03 -3.187117658250082344e-08 2.007711243011360861e-07
8.309615973000001759e+03 -4.360845970784920791e-08 2.020460244051209454e-07
8.350957346000001053e+03 -5.192129275647188298e-08 2.007912190042360529e-07
8.392298719000000347e+03 -5.514112526543271030e-08 1.973567653421637033e-07
8.433640092000001459e+03 -5.229750989462897446e-08 1.925262087877479993e-07
8.474981465000000753e+03 -4.432877886852431864e-08 1.877945875775774788e-07
8.516322838000000047e+03 -3.323931280825765588e-08 1.844048683046729470e-07
8.557664211000001160e+03 -2.157491814538765994e-08 1.828485458045771568e-07
8.599005584000000454e+03 -1.251846282689918092e-08 1.832976895658782686e-07
8.640346957000001566e+03 -8.996514666069570986e-09 1.863842725442332971e-07
8.681688330000000860e+03 -1.244557693151858917e-08 1.920854620983859978e-07
8.723029703000000154e+03 -2.273144649637964743e-08 1.995976547804856455e-07
8.764371076000001267e+03 -3.788457114414447071e-08 2.077752484850902291e-07
8.805712449000000561e+03 -5.484280237956960504e-08 2.143747767948911015e-07
8.847053822000001674e+03 -6.987263506585672481e-08 2.175528684402704282e-07
8.888395195000000967e+03 -8.033634751830160476e-08 2.164155100848360338e-07
8.929736568000000261e+03 -8.439466837492867429e-08 2.105160804250937577e-07
8.971077941000001374e+03 -8.129372346364411780e-08 2.002542529740080849e-07
9.012419314000000668e+03 -7.195748331361049988e-08 1.878092320221826073e-07
9.053760687000001781e+03 -5.823493863727436838e-08 1.763680516626069891e-07
9.095102060000001075e+03 -4.310459150666967143e-08 1.684529547271391905e-07
9.136443433000000368e+03 -2.897273402801996439e-08 1.657054853841994802e-07
9.177784806000001481e+03 -1.877497251133306314e-08 1.683617179792846630e-07
9.219126179000000775e+03 -1.514995611980832959e-08 1.756758790500228562e-07
9.260467552000001888e+03 -1.964656575637977958e-08 1.868280025384426362e-07
9.301808925000001182e+03 -3.196258590622883388e-08 2.006761086557314671e-07
9.343150298000000475e+03 -4.989949812729528332e-08 2.151253118525584928e-07
9.384491671000001588e+03 -6.920599891078998786e-08 2.266717558782706665e-07
9.425833044000000882e+03 -8.552143676161668436e-08 2.318576635551574167e-07
9.467174417000000176e+03 -9.522499490674404396e-08 2.279754476353795921e-07
9.508515790000001289e+03 -9.702792843340635479e-08 2.150484003440955703e-07
9.549857163000000583e+03 -9.103699904500273429e-08 1.957670798731243718e-07
9.591198536000001695e+03 -7.880342747868375074e-08 1.744444423486129122e-07
9.632539909000000989e+03 -6.259811633149428453e-08 1.557770355384400515e-07
9.673881282000000283e+03 -4.561400519059090228e-08 1.432502399466269843e-07
9.715222655000001396e+03 -3.129506327774004559e-08 1.381122890504834836e-07
9.756564028000000690e+03 -2.257747189460917873e-08 1.408052690004681633e-07
9.797905401000001802e+03 -2.089914995399995565e-08 1.517207214084218498e-07
9.839246774000001096e+03 -2.636557773360604412e-08 1.691304169265470865e-07
9.880588147000000390e+03 -3.768921428377612417e-08 1.893299675083225519e-07
9.921929520000001503e+03 -5.200924274971145939e-08 2.076386359176145584e-07
9.963270893000000797e+03 -6.599357152304657131e-08 2.199267143883250896e-07
1.000461226600000191e+04 -7.663082191199495357e-08 2.232424704293959865e-07
1.004595363900000120e+04 -8.162508398708700091e-08 2.167655976692278318e-07
1.008729501200000050e+04 -7.994937389468732515e-08 2.016037464171373775e-07
1.012863638500000161e+04 -7.195293794749214561e-08 1.810772319677043496e-07
1.016997775800000090e+04 -5.962344962693432587e-08 1.600525032304092746e-07
1.021131913100000020e+04 -4.551130073621805474e-08 1.418572036116287463e-07
1.025266050400000131e+04 -3.274857786086296881e-08 1.286628336367798037e-07
1.029400187700000060e+04 -2.396937201806929120e-08 1.227530940168458286e-07
1.033534325000000172e+04 -2.051855005557319850e-08 1.249500870874850453e-07
1.037668462300000101e+04 -2.252882097376848675e-08 1.341536174684926378e-07
1.041802599600000030e+04 -2.886491035707166741e-08 1.477083474594616697e-07
1.045936736900000142e+04 -3.734907667142010459e-08 1.622319327941679381e-07
1.050070874200000071e+04 -4.605665754532237894e-08 1.745276953199661845e-07
1.054205011500000182e+04 -5.311040419422838723e-08 1.821995164691266517e-07
1.058339148800000112e+04 -5.689873045258491601e-08 1.836746118602693991e-07
1.062473286100000041e+04 -5.628387352206064950e-08 1.784773752837930961e-07
1.066607423400000152e+04 -5.129862363769440289e-08 1.679569992687427980e-07
1.070741560700000082e+04 -4.326045271806785661e-08 1.543797726941635149e-07
1.074875698000000193e+04 -3.398431520260555573e-08 1.403606631268612268e-07
1.079009835300000123e+04 -2.533507835686157159e-08 1.278287262391812574e-07
1.083143972600000052e+04 -1.867518172445533357e-08 1.185345889018162292e-07
1.087278109900000163e+04 -1.498829922302411015e-08 1.138542158748939460e-07
1.091412247200000093e+04 -1.414269887232312032e-08 1.140046884719503872e-07
1.095546384500000204e+04 -1.477018583589024073e-08 1.186148819379793104e-07
1.099680521800000133e+04 -1.580815758485201907e-08 1.262909064998211775e-07
1.103814659100000063e+04 -1.611516324856552883e-08 1.348283671450897319e-07
1.107948796400000174e+04 -1.486859772409308933e-08 1.426394058234353217e-07
1.112082933700000103e+04 -1.232160009540169073e-08 1.477756315483579308e-07
1.116217071000000033e+04 -9.062930244516002568e-09 1.491030284462884291e-07
1.120351208300000144e+04 -5.937359796616312856e-09 1.466479161692905099e-07
1.124485345600000073e+04 -4.118654710205581815e-09 1.408900277424736170e-07
1.128619482900000185e+04 -3.705236082058645986e-09 1.327787273497739073e-07
1.132753620200000114e+04 -4.166281602832514058e-09 1.237278880504853063e-07
1.136887757500000043e+04 -4.872377509273626187e-09 1.152840049954904827e-07
1.141021894800000155e+04 -3.999604392961709467e-09 1.086165000991972711e-07
1.145156032100000084e+04 -8.086234663077391238e-10 1.043336344310256545e-07
1.149290169400000195e+04 5.131547230100606662e-09 1.024710672289467419e-07
1.153424306700000125e+04 1.364062706373497731e-08 1.023842614823031337e-07
1.157558444000000054e+04 2.337649143824771465e-08 1.036788040679868764e-07
1.161692581300000165e+04 3.262234564946246600e-08 1.058714972327018131e-07
1.165826718600000095e+04 4.006172942292489520e-08 1.087006063615073110e-07
1.169960855900000206e+04 4.401774503201800978e-08 1.120043255064771463e-07
1.174094993200000135e+04 4.366381187407871826e-08 1.152404449559634895e-07
1.178229130500000065e+04 3.928907230409585777e-08 1.174688095360006490e-07
1.182363267800000176e+04 3.224253792160645014e-08 1.177559516221799848e-07
1.186497405100000105e+04 2.525452135974753169e-08 1.156722208086736928e-07
1.190631542400000035e+04 2.093233461884758079e-08 1.113286212724964205e-07
1.194765679700000146e+04 2.094253374050549893e-08 1.055098003356256737e-07
1.198899817000000075e+04 2.593433472113936650e-08 9.963063526267903860e-08
1.203033954300000187e+04 3.542417982991610636e-08 9.468195200914591599e-08
1.207168091600000116e+04 4.773066529109879535e-08 9.151304999465984406e-08
1.211302228900000046e+04 6.098828731439839263e-08 9.080521202292754033e-08
1.215436366200000157e+04 7.315856010094642753e-08 9.280290300190113180e-08
1.219570503500000086e+04 8.276537497473326929e-08 9.696245368320902667e-08
1.223704640800000197e+04 8.832461832935831502e-08 1.014160153280812594e-07
1.227838778100000127e+04 8.914865413793821892e-08 1.045797089120881749e-07
1.231972915400000056e+04 8.539432178912105646e-08 1.057537192645147922e-07
1.236107052700000168e+04 7.868827240725622394e-08 1.051340934675398201e-07
1.240241190000000097e+04 7.098840276630004260e-08 1.036379498715489047e-07
1.244375327300000208e+04 6.490809361040180745e-08 1.019335015421448089e-07
1.248509464600000138e+04 6.208272783920615416e-08 1.006402513194722706e-07
1.252643601900000067e+04 6.367608475627235535e-08 1.007462002283156715e-07
1.256777739200000178e+04 7.043742113172360494e-08 1.031425967775661766e-07
1.260911876500000108e+04 8.186424913417060217e-08 1.077406261127112779e-07
1.265046013800000219e+04 9.601248899384601457e-08 1.136098257964931217e-07
1.269180151100000148e+04 1.107317265740174206e-07 1.191254189907344663e-07
1.273314288400000078e+04 1.238013477750837976e-07 1.227288276454090571e-07
1.277448425700000189e+04 1.328054444361675456e-07 1.231629669015791806e-07
1.281582563000000118e+04 1.367880925490353313e-07 1.201253439796074460e-07
1.285716700300000048e+04 1.358350028765415161e-07 1.145338535745385649e-07
1.289850837600000159e+04 1.317131831773463438e-07 1.084364723420504832e-07
1.293984974900000088e+04 1.267498634585778931e-07 1.040852619275931151e-07
1.298119112200000200e+04 1.231938019009204991e-07 1.028626076678162371e-07
1.302253249500000129e+04 1.225430155418286748e-07 1.052128294091817039e-07
1.306387386800000058e+04 1.251100475143301036e-07 1.105783638847825116e-07
1.310521524100000170e+04 1.306638911712537959e-07 1.181672936496495140e-07
1.314655661400000099e+04 1.381990645340745221e-07 1.271680529234976233e-07
1.318789798700000210e+04 1.464616201433221332e-07 1.369614599272540633e-07
1.322923936000000140e+04 1.546896584530105787e-07 1.463006101453911100e-07
1.327058073300000069e+04 1.622823332337130269e-07 1.545472162433236377e-07
1.331192210600000180e+04 1.688085043573691169e-07 1.602587278810246391e-07
1.335326347900000110e+04 1.738728814958249530e-07 1.624774449903692148e-07
1.339460485200000221e+04 1.770955287088279495e-07 1.602283514075087949e-07
1.343594622500000150e+04 1.782850249583390776e-07 1.541757966735105104e-07
1.347728759800000080e+04 1.778019685199275728e-07 1.463254089652038697e-07
1.351862897100000191e+04 1.762878427591307326e-07 1.395787019943767994e-07
1.355997034400000121e+04 1.751431790588042924e-07 1.366665572768754529e-07
1.360131171700000232e+04 1.752526160478219692e-07 1.393922483045451190e-07
1.364265309000000161e+04 1.776024605898027315e-07 1.478633000766182676e-07
1.368399446300000091e+04 1.820773646922591101e-07 1.591959188991933274e-07
1.372533583600000202e+04 1.881414566040180070e-07 1.700038658906480814e-07
1.376667720900000131e+04 1.954836707740122744e-07 1.781294189531797288e-07
1.380801858200000061e+04 2.036413748265924510e-07 1.833313618886343103e-07
1.384935995500000172e+04 2.113199977595708974e-07 1.863955318145580114e-07
1.389070132800000101e+04 2.177295566959146285e-07 1.885958929887619498e-07
1.393204270100000213e+04 2.228102161217247861e-07 1.902980119997469671e-07
1.397338407400000142e+04 2.262949782824542291e-07 1.911769787635573654e-07
1.401472544700000071e+04 2.280260723929135203e-07 1.914790246084207199e-07
1.405606682000000183e+04 2.285590312254385422e-07 1.915009847622147044e-07
1.409740819300000112e+04 2.279826984959597609e-07 1.920865878970134254e-07
1.413874956600000223e+04 2.266073555160563347e-07 1.944832970011307895e-07
1.418009093900000153e+04 2.253699315402111178e-07 1.988294529168112948e-07
1.422143231200000082e+04 2.249620663115625946e-07 2.048428782794490443e-07
1.426277368500000193e+04 2.265394109373444400e-07 2.113001975839503565e-07
1.430411505800000123e+04 2.306863064206949574e-07 2.167586513010330678e-07
1.434545643100000234e+04 2.375114357574033136e-07 2.207580424885291812e-07
1.438679780400000163e+04 2.468450596608826738e-07 2.228098178231726570e-07
1.442813917700000093e+04 2.581795929716318664e-07 2.231717836455155656e-07
1.446948055000000204e+04 2.711236237085560524e-07 2.220910952848408752e-07
1.451082192300000133e+04 2.833117799054734115e-07 2.208588688020549454e-07
1.455216329600000245e+04 2.929478061675122216e-07 2.203540931224717880e-07
1.459350466900000174e+04 2.979149150152797205e-07 2.217299808398485142e-07
1.463484604200000103e+04 2.972556306834203076e-07 2.251531533915111521e-07
1.467618741500000215e+04 2.916672910914108797e-07 2.303407801034579876e-07
1.471752878800000144e+04 2.836731418089535326e-07 2.366178553814748784e-07
1.475887016100000073e+04 2.761099600728929184e-07 2.427699690035040589e-07
1.480021153400000185e+04 2.715214417490658824e-07 2.477575383109834936e-07
1.484155290700000114e+04 2.714559408541711715e-07 2.504867385271772532e-07
1.488289428000000225e+04 2.760370565316700774e-07 2.516431069051589284e-07
1.492423565300000155e+04 2.845801020247670554e-07 2.528097989826914747e-07
1.496557702600000084e+04 2.957367019542809474e-07 2.556889083664934658e-07
1.500691839900000195e+04 3.079906323719568999e-07 2.605906514953001454e-07
1.504825977200000125e+04 3.196788149257778949e-07 2.666160321376728113e-07
1.508960114500000236e+04 3.291676150474319983e-07 2.720266853696588631e-07
1.513094251800000166e+04 3.358545261078253221e-07 2.754031260104850519e-07
1.517228389100000095e+04 3.397859223400359017e-07 2.758191117783307885e-07
1.521362526400000206e+04 3.411103288873664200e-07 2.739149587592943442e-07
1.525496663700000136e+04 3.403006558824708373e-07 2.713552602781814757e-07
1.529630801000000247e+04 3.384187515397507860e-07 2.697898201441215092e-07
1.533764938300000176e+04 3.364654720556890088e-07 2.688621720308026485e-07
1.537899075600000106e+04 3.353353351661989309e-07 2.678605920927926127e-07
1.542033212900000217e+04 3.361590850109045731e-07 2.669792230107597135e-07
1.546167350200000146e+04 3.392895962933778879e-07 2.678495007287249363e-07
1.550301487500000076e+04 3.442342787470015456e-07 2.723050450393776154e-07
1.554435624800000187e+04 3.501513431573519309e-07 2.813613043867638645e-07
1.558569762100000116e+04 3.560440277248748089e-07 2.945287237390222217e-07
1.562703899400000228e+04 3.611663264195384472e-07 3.098386668882983861e-07
1.566838036700000157e+04 3.652577288484344626e-07 3.239400317841982773e-07
1.570972174000000086e+04 3.681557317392874529e-07 3.337774033824441812e-07
1.575106311300000198e+04 3.698429473940088945e-07 3.376522985903722571e-07
1.579240448600000127e+04 3.706162649529133027e-07 3.349625380349180049e-07
1.583374585900000238e+04 3.710920297151453889e-07 3.263400411544541674e-07
1.587508723200000168e+04 3.715161864923707390e-07 3.135260391819868886e-07
1.591642860500000097e+04 3.723908151632896415e-07 2.995568701745367952e-07
1.595776997800000208e+04 3.741830215296946274e-07 2.889778219243703056e-07
1.599911135100000138e+04 3.766012669725191948e-07 2.855866557932741425e-07
1.604045272400000249e+04 3.790008897731855853e-07 2.914132897027713842e-07
1.608179409700000178e+04 3.816105606483135720e-07 3.048937109537261542e-07
1.612313547000000108e+04 3.848171530569820470e-07 3.232816193541841438e-07
1.616447684300000219e+04 3.888423612136132072e-07 3.426745264106184291e-07
1.620581821600000148e+04 3.940433399138263546e-07 3.596911080648615572e-07
1.624715958900000260e+04 4.001766876504115864e-07 3.709548360137166822e-07
1.628850096200000189e+04 4.059105683402056039e-07 3.750174597040486239e-07
1.632984233500000119e+04 4.104406032547218968e-07 3.709264080217740870e-07
1.637118370800000230e+04 4.134096690129900024e-07 3.593632723630009663e-07
1.641252508100000341e+04 4.141915322430911804e-07 3.431370485514240862e-07
1.645386645400000270e+04 4.131042772645524407e-07 3.265681460971609159e-07
1.649520782700000200e+04 4.109737684818745457e-07 3.145231864619988776e-07
1.653654920000000129e+04 4.088110968653054311e-07 3.101919075263064986e-07
1.657789057300000059e+04 4.077154946878632410e-07 3.146826450634107084e-07
1.661923194600000352e+04 4.084336397066913707e-07 3.273970587488229201e-07
1.666057331900000281e+04 4.112747147421436431e-07 3.459302764232774217e-07
1.670191469200000211e+04 4.164998131220674141e-07 3.661692893345091573e-07
1.674325606500000140e+04 4.235988855888447979e-07 3.836861688686682724e-07
1.678459743800000069e+04 4.313134042897749231e-07 3.955628298142488761e-07
1.682593881099999999e+04 4.377085061802094361e-07 3.997613199646301787e-07
1.686728018400000292e+04 4.411910631688470051e-07 3.958251861150903623e-07
1.690862155700000221e+04 4.413952023203544064e-07 3.849773105101252547e-07
1.694996293000000151e+04 4.388506085178060877e-07 3.704399845514835861e-07
1.699130430300000080e+04 4.349367697147293999e-07 3.553373231396010695e-07
1.703264567600000009e+04 4.316969612482779251e-07 3.431334404847733810e-07
1.707398704900000303e+04 4.309625748539782558e-07 3.359351789528423515e-07
1.711532842200000232e+04 4.337012904196940721e-07 3.353270101413033917e-07
1.715666979500000161e+04 4.396240135790962699e-07 3.415117724904918067e-07
1.719801116800000091e+04 4.477042651529486120e-07 3.534047868194747022e-07
1.723935254100000020e+04 4.565030914697107198e-07 3.691974757249677668e-07
1.728069391400000313e+04 4.634172014714072542e-07 3.863654472503109275e-07
1.732203528700000243e+04 4.674779504738280895e-07 4.013162130482683017e-07
1.736337666000000172e+04 4.678570715455836337e-07 4.111976575734296589e-07
1.740471803300000101e+04 4.648156022233601366e-07 4.144145733080734351e-07
1.744605940600000031e+04 4.593640610438800317e-07 4.105751197776281168e-07
1.748740077900000324e+04 4.530062547768033495e-07 4.009415500273876986e-07
1.752874215200000253e+04 4.466987697977675831e-07 3.882152968835977722e-07
1.757008352500000183e+04 4.418226630183239632e-07 3.757757077818536415e-07
1.761142489800000112e+04 4.397367975763525248e-07 3.665951311512549184e-07
1.765276627100000042e+04 4.409516002530992895e-07 3.625640285365547531e-07
1.769410764400000335e+04 4.457725118990702612e-07 3.640796474340196342e-07
1.773544901700000264e+04 4.541124305130877279e-07 3.702720935904685354e-07
1.777679039000000193e+04 4.648503006856144209e-07 3.797158607422610914e-07
1.781813176300000123e+04 4.761454897152601707e-07 3.902204328426406463e-07
1.785947313600000052e+04 4.854309534620305216e-07 4.003970852137743068e-07
1.790081450900000345e+04 4.910351067612047035e-07 4.087867184895051601e-07
1.794215588200000275e+04 4.918313611606085025e-07 4.146559684565023392e-07
1.798349725500000204e+04 4.877012563434704932e-07 4.176420720632508866e-07
1.802483862800000134e+04 4.801237078428596037e-07 4.169724351377372447e-07
1.806618000100000063e+04 4.711545702348683541e-07 4.120330785841319325e-07
1.810752137400000356e+04 4.629838675423381818e-07 4.031867711190057854e-07
1.814886274700000286e+04 4.570442702325198610e-07 3.922857633623094065e-07
1.819020412000000215e+04 4.547450386547042356e-07 3.816424936164980137e-07
1.823154549300000144e+04 4.564937015873958143e-07 3.734131376656961145e-07
1.827288686600000074e+04 4.617428183179191615e-07 3.695835868609270301e-07
1.831422823900000367e+04 4.693445103962142667e-07 3.716283871884758142e-07
1.835556961200000296e+04 4.780496405943579239e-07 3.796110042708714336e-07
1.839691098500000226e+04 4.869314060989867565e-07 3.917779303888641309e-07
1.843825235800000155e+04 4.950990590954171043e-07 4.056051049422946844e-07
1.847959373100000084e+04 5.010370539794560621e-07 4.183891811499824001e-07
1.852093510400000378e+04 5.035814205097385807e-07 4.270127623889194365e-07
1.856227647700000307e+04 5.019154480196553354e-07 4.294048895607821005e-07
1.860361785000000236e+04 4.959041360933599269e-07 4.252641498692584036e-07
1.864495922300000166e+04 4.871468407724141520e-07 4.152701132418957470e-07
1.868630059600000095e+04 4.778182993508137268e-07 4.021954140698971345e-07
1.872764196900000024e+04 4.695545391699364286e-07 3.893223663287042654e-07
1.876898334200000318e+04 4.640617190744673016e-07 3.789430716108766676e-07
1.881032471500000247e+04 4.613686256898965265e-07 3.730287485336948769e-07
1.885166608800000176e+04 4.614592027436496855e-07 3.730182343125074463e-07
1.889300746100000106e+04 4.640716274102252809e-07 3.789423468823720788e-07
1.893434883400000035e+04 4.689627903572655745e-07 3.899854786394854911e-07
1.897569020700000328e+04 4.757012728953698484e-07 4.042918734093894933e-07
1.901703158000000258e+04 4.833912567111490030e-07 4.187291022290096143e-07
1.905837295300000187e+04 4.911617853216324146e-07 4.299855995696607567e-07
1.909971432600000117e+04 4.977546890232869303e-07 4.356948560921758113e-07
1.914105569900000046e+04 5.019930108386963138e-07 4.340483984019053919e-07
1.918239707200000339e+04 5.031812048867480026e-07 4.242959704326983638e-07
1.922373844500000268e+04 5.021319961693714886e-07 4.080637029047634817e-07
1.926507981800000198e+04 4.993135118197011196e-07 3.884800960713295703e-07
1.930642119100000127e+04 4.949817990986811022e-07 3.697123091124868800e-07
1.934776256400000057e+04 4.891157783458223360e-07 3.562345219707219883e-07
1.938910393700000350e+04 4.816181316014803099e-07 3.506680490841201319e-07
1.943044531000000279e+04 4.735247993621757890e-07 3.532612943115704391e-07
1.947178668300000209e+04 4.663793571328013937e-07 3.634149825629038081e-07
1.951312805600000138e+04 4.624959868448627064e-07 3.783279581132243544e-07
1.955446942900000067e+04 4.630957651455623482e-07 3.951999046263328096e-07
1.959581080200000360e+04 4.681210417466192063e-07 4.109160369266480588e-07
1.963715217500000290e+04 4.768019447065725893e-07 4.218297370440526069e-07
1.967849354800000219e+04 4.865252222646947605e-07 4.263627088064335899e-07
1.971983492100000149e+04 4.949149594859051802e-07 4.239636117516506471e-07
1.976117629400000078e+04 4.998971559083248065e-07 4.154218019033984026e-07
1.980251766700000371e+04 5.006344207294160132e-07 4.027872348551864275e-07
1.984385904000000301e+04 4.964506494449014618e-07 3.892689355735033957e-07
1.988520041300000230e+04 4.879201980708445862e-07 3.774739391564486260e-07
1.992654178600000159e+04 4.770133437372350952e-07 3.688669102894550946e-07
1.996788315900000089e+04 4.657295393577509801e-07 3.637845306975384220e-07
2.000922453200000382e+04 4.562525475637053503e-07 3.621974030800994623e-07
2.005056590500000311e+04 4.505187035796601620e-07 3.642541737042577547e-07
2.009190727800000241e+04 4.496451470582762683e-07 3.699220977132035447e-07
2.013324865100000170e+04 4.538686692501645797e-07 3.777807666959623030e-07
2.017459002400000099e+04 4.623640894261614685e-07 3.861237893105813584e-07
2.021593139700000393e+04 4.733235270336495371e-07 3.924383826998420130e-07
2.025727277000000322e+04 4.842519483420274943e-07 3.949577824222146224e-07
2.029861414300000251e+04 4.923936352210900331e-07 3.930020518331958838e-07
2.033995551600000181e+04 4.960102653861956338e-07 3.875653684439399217e-07
2.038129688900000110e+04 4.944486749756221221e-07 3.807110145622236225e-07
2.042263826200000040e+04 4.873878021671508278e-07 3.736675481814422223e-07
2.046397963500000333e+04 4.757403365202255587e-07 3.675811858275716478e-07
2.050532100800000262e+04 4.621136199419337765e-07 3.627671722047100992e-07
2.054666238100000191e+04 4.491291774317068369e-07 3.592795768133508630e-07
2.058800375400000121e+04 4.394026586671705144e-07 3.572978808532654048e-07
2.062934512700000050e+04 4.345277330682779454e-07 3.578946354185809341e-07
2.067068650000000343e+04 4.352010404989621151e-07 3.614543045892122576e-07
2.071202787300000273e+04 4.410900527857580721e-07 3.671923868056509614e-07
2.075336924600000202e+04 4.508936637460222392e-07 3.730640791741673977e-07
2.079471061900000132e+04 4.621636198356236279e-07 3.769356631217828796e-07
2.083605199200000061e+04 4.720685999057283250e-07 3.770466258912537755e-07
2.087739336500000354e+04 4.779709738809812538e-07 3.727510353511877959e-07
2.091873473800000284e+04 4.789757199545902498e-07 3.647251029566600587e-07
2.096007611100000213e+04 4.748278940474419526e-07 3.548706864424607370e-07
2.100141748400000142e+04 4.665847135809533063e-07 3.450761877577593828e-07
2.104275885700000072e+04 4.558202423539372622e-07 3.370032825150732252e-07
2.108410023000000365e+04 4.445496255870759515e-07 3.314271246440588593e-07
2.112544160300000294e+04 4.348886499336014297e-07 3.282081724267028909e-07
2.116678297600000224e+04 4.280737567210080110e-07 3.284863112151967776e-07
2.120812434900000153e+04 4.244824407990008424e-07 3.327401675522558175e-07
2.124946572200000082e+04 4.246806304250312042e-07 3.405771621733399176e-07
2.129080709500000376e+04 4.278389122238188963e-07 3.504165543697710987e-07
2.133214846800000305e+04 4.332465984104619878e-07 3.592354356512795469e-07
2.137348984100000234e+04 4.394464649471984235e-07 3.643978740536930194e-07
2.141483121400000164e+04 4.444845004658078614e-07 3.647038503609961973e-07
2.145617258700000093e+04 4.472050126747882189e-07 3.595769960799798715e-07
2.149751396000000386e+04 4.467841645837536651e-07 3.500323476736791400e-07
2.153885533300000316e+04 4.431597036590443479e-07 3.384292581171302591e-07
2.158019670600000245e+04 4.377530876613589183e-07 3.268225814199777848e-07
2.162153807900000174e+04 4.317514034731938893e-07 3.162387423998952336e-07
2.166287945200000104e+04 4.261762393988733578e-07 3.074337325728074922e-07
2.170422082500000397e+04 4.214930493078664002e-07 3.014268300421140631e-07
2.174556219800000326e+04 4.180378548478016303e-07 2.989081556061302112e-07
2.178690357100000256e+04 4.160281663414979207e-07 3.014049071110927632e-07
2.182824494400000185e+04 4.151273854715549703e-07 3.086538138125367518e-07
2.186958631700000115e+04 4.144288219224009833e-07 3.186365536232766901e-07
2.191092769000000408e+04 4.137378489938623764e-07 3.275987860483798605e-07
2.195226906300000337e+04 4.131476092327441390e-07 3.322947103880459157e-07
2.199361043600000266e+04 4.126606765878763955e-07 3.311066574552208123e-07
2.203495180900000196e+04 4.124227860534506687e-07 3.251537306080237028e-07
2.207629318200000125e+04 4.120994195930893472e-07 3.169146964825953127e-07
2.211763455500000055e+04 4.114783004072835670e-07 3.086962509184896597e-07
2.215897592800000348e+04 4.103050583711450012e-07 3.016534040494170844e-07
2.220031730100000277e+04 4.083475456264178845e-07 2.956973595251627395e-07
2.224165867400000207e+04 4.055177020106324038e-07 2.907068263646806266e-07
2.228300004700000136e+04 4.019826663952408593e-07 2.877272443635838149e-07
2.232434142000000065e+04 3.977667879414891241e-07 2.880134682872742713e-07
2.236568279300000358e+04 3.933619089489116971e-07 2.918188845330445605e-07
2.240702416600000288e+04 3.887837338702495447e-07 2.977190705742254028e-07
2.244836553900000217e+04 3.843143283994093946e-07 3.032124085376797065e-07
2.248970691200000147e+04 3.811231209088179154e-07 3.055862952017658211e-07
2.253104828500000076e+04 3.797414233486448604e-07 3.035900734059402562e-07
2.257238965800000369e+04 3.802419439868696987e-07 2.973049770904345813e-07
2.261373103100000299e+04 3.826560954099472532e-07 2.880010655513839686e-07
2.265507240400000228e+04 3.863931926160898305e-07 2.773731316198614408e-07
2.269641377700000157e+04 3.903876003439051370e-07 2.674390711520005219e-07
2.273775515000000087e+04 3.932473090155398087e-07 2.598799885897134215e-07
2.277909652300000380e+04 3.936340764232945251e-07 2.559623456381791931e-07
2.282043789600000309e+04 3.904018353892442379e-07 2.570281426911510943e-07
2.286177926900000239e+04 3.834919609992942309e-07 2.626695382003841995e-07
2.290312064200000168e+04 3.735053415277987244e-07 2.707399930208731968e-07
2.294446201500000097e+04 3.624143788234428414e-07 2.782792220715333729e-07
2.298580338800000391e+04 3.526216578887110636e-07 2.830738650942665060e-07
2.302714476100000320e+04 3.461363641110407190e-07 2.835237240586345815e-07
2.306848613400000249e+04 3.436751175435729511e-07 2.794723985281099719e-07
2.310982750700000179e+04 3.454640170571305569e-07 2.716811421386193455e-07
2.315116888000000108e+04 3.505001935581369359e-07 2.615999736311730804e-07
2.319251025300000401e+04 3.572670636730813469e-07 2.508638269235177126e-07
2.323385162600000331e+04 3.642095973502465595e-07 2.411915294965805750e-07
2.327519299900000260e+04 3.702065605973805670e-07 2.340949584368919040e-07
2.331653437200000189e+04 3.742931462953283359e-07 2.302603076872097420e-07
2.335787574500000119e+04 3.754904554931407212e-07 2.299340804007195862e-07
2.339921711800000412e+04 3.729358634909273040e-07 2.322996657764231538e-07
2.344055849100000341e+04 3.669432306308335508e-07 2.361693177939252657e-07
2.348189986400000271e+04 3.571577817839521809e-07 2.412951330717064713e-07
2.352324123700000200e+04 3.444319207535190253e-07 2.472236988887965226e-07
2.356458261000000130e+04 3.307273498135391101e-07 2.530991135556779872e-07
2.360592398300000423e+04 3.182088529306266354e-07 2.574748698431135891e-07
2.364726535600000352e+04 3.095979106686153120e-07 2.587984089156049330e-07
2.368860672900000282e+04 3.062934652960786142e-07 2.562319443750628768e-07
2.372994810200000211e+04 3.088845002415625888e-07 2.495210882443629732e-07
2.377128947500000140e+04 3.167704688141868630e-07 2.397347492587290841e-07
2.381263084800000070e+04 3.278619324522273364e-07 2.287864037607063411e-07
2.385397222100000363e+04 3.397522638994538162e-07 2.183309003678800998e-07
2.389531359400000292e+04 3.496523666392853228e-07 2.100397657163215638e-07
2.393665496700000222e+04 3.551906044421556059e-07 2.038737964055747715e-07
2.397799634000000151e+04 3.552049421383365587e-07 1.997398998787328292e-07
2.401933771300000080e+04 3.494205688121817342e-07 1.981894508475819238e-07
2.406067908600000374e+04 3.386894819381331347e-07 1.998769374068660758e-07
2.410202045900000303e+04 3.251147429977989624e-07 2.049230557635816754e-07
2.414336183200000232e+04 3.111662532168649056e-07 2.131187875887040042e-07
2.418470320500000162e+04 2.994373808421431437e-07 2.231846844621944480e-07
2.422604457800000091e+04 2.911931550788852491e-07 2.326523212535480209e-07
2.426738595100000384e+04 2.875562638986930751e-07 2.393485584533685545e-07
2.430872732400000314e+04 2.886785407444429762e-07 2.415306181514143239e-07
2.435006869700000243e+04 2.934935601390152718e-07 2.383163169078394932e-07
2.439141007000000172e+04 3.004655394253361194e-07 2.300521121018729539e-07
2.443275144300000102e+04 3.075672905299479736e-07 2.176955569271862954e-07
2.447409281600000395e+04 3.127446947474648206e-07 2.028086174768258025e-07
2.451543418900000324e+04 3.147841086609803501e-07 1.880684730161318572e-07
2.455677556200000254e+04 3.133879392778877043e-07 1.764523999571449429e-07
2.459811693500000183e+04 3.090615644926050319e-07 1.707581605508909829e-07
2.463945830800000113e+04 3.025203233307089716e-07 1.719975529922436887e-07
2.468079968100000406e+04 2.950908815877154486e-07 1.797027441386943947e-07
2.472214105400000335e+04 2.882630595339611997e-07 1.922775499783204350e-07
2.476348242700000264e+04 2.828309831242816680e-07 2.066222539440239373e-07
2.480482380000000194e+04 2.797349504344602853e-07 2.197882242475387360e-07
2.484616517300000123e+04 2.789823367035074272e-07 2.286032773407486736e-07
2.488750654600000416e+04 2.801103044287338020e-07 2.304675758124834954e-07
2.492884791900000346e+04 2.826658128270269069e-07 2.243067847045953661e-07
2.497018929200000275e+04 2.859239196752496732e-07 2.109858958149517832e-07
2.501153066500000205e+04 2.887259801025219506e-07 1.928205240273397325e-07
2.505287203800000134e+04 2.901642092436392539e-07 1.739561616471976002e-07
2.509421341100000427e+04 2.899783402417984921e-07 1.584718694850127257e-07
2.513555478400000356e+04 2.880209814429228646e-07 1.499773354988021031e-07
2.517689615700000286e+04 2.839601309145954232e-07 1.507595788880289837e-07
2.521823753000000215e+04 2.780325068551354992e-07 1.605520282276801430e-07
2.525957890300000145e+04 2.708306594965964171e-07 1.770319432891460239e-07
2.530092027600000438e+04 2.636972985513570961e-07 1.966080721856611310e-07
2.534226164900000367e+04 2.576020218936853543e-07 2.147187809793129986e-07
2.538360302200000297e+04 2.531772191208581730e-07 2.269472236126305970e-07
2.542494439500000226e+04 2.513178670119495122e-07 2.301385712423703244e-07
2.546628576800000155e+04 2.521626629964455069e-07 2.239853597195387215e-07
2.550762714100000449e+04 2.553981669478250918e-07 2.101998490080180910e-07
2.554896851400000378e+04 2.604072992107183812e-07 1.921357240459105345e-07
2.559030988700000307e+04 2.661409627261338388e-07 1.732340183865305025e-07
2.563165126000000237e+04 2.715572887053667267e-07 1.565574231950695332e-07
2.567299263300000166e+04 2.756849864973003213e-07 1.449048012221878385e-07
2.571433400600000095e+04 2.776390134932349710e-07 1.397887448502977097e-07
2.575567537900000389e+04 2.770843292161869192e-07 1.419469456628343099e-07
2.579701675200000318e+04 2.735652047052514907e-07 1.513005988347033341e-07
2.583835812500000247e+04 2.676053540935567280e-07 1.660623736655326577e-07
2.587969949800000177e+04 2.598123130564804956e-07 1.829991363646328608e-07
2.592104087100000106e+04 2.511194561881357320e-07 1.987015649507303021e-07
2.596238224400000399e+04 2.432119409095453172e-07 2.100534056092570033e-07
2.600372361700000329e+04 2.373311243657024211e-07 2.152969028804630487e-07
2.604506499000000258e+04 2.338232949630346353e-07 2.138985047924273032e-07
2.608640636300000187e+04 2.325801992373160425e-07 2.066665639494000652e-07
2.612774773600000117e+04 2.332385370032412274e-07 1.955982966557200913e-07
2.616908910900000410e+04 2.355394571610642074e-07 1.827939552094860025e-07
2.621043048200000339e+04 2.394186053075763817e-07 1.702855999623538839e-07
2.625177185500000269e+04 2.450149855395565720e-07 1.592375742948275283e-07
2.629311322800000198e+04 2.520368164370516530e-07 1.511607176765065457e-07
2.633445460100000128e+04 2.591025065862945758e-07 1.474799208266938023e-07
2.637579597400000421e+04 2.641557089155548945e-07 1.486571605028878584e-07
2.641713734700000350e+04 2.656158063956756640e-07 1.542759399341347100e-07
2.645847872000000280e+04 2.623746049048096053e-07 1.636693133583767335e-07
2.649982009300000209e+04 2.542939068795859226e-07 1.754405245595482540e-07
2.654116146600000138e+04 2.425702679695505952e-07 1.876692211694674092e-07
2.658250283900000431e+04 2.293391154940015593e-07 1.983938127119695759e-07
2.662384421200000361e+04 2.172354424584947402e-07 2.057161110297654983e-07
2.666518558500000290e+04 2.082787088009726799e-07 2.080514485846071304e-07
2.670652695800000220e+04 2.035529593157157351e-07 2.046372874960005936e-07
2.674786833100000149e+04 2.035835768148725643e-07 1.962112008005719395e-07
2.678920970400000442e+04 2.086755853709271745e-07 1.845015367915018686e-07
2.683055107700000372e+04 2.181238772093737650e-07 1.715466812485746050e-07
2.687189245000000301e+04 2.305184687698476558e-07 1.601323291708634826e-07
2.691323382300000230e+04 2.436679598452016806e-07 1.530183864497613376e-07
2.695457519600000160e+04 2.545813029091982888e-07 1.509983619260377741e-07
2.699591656900000453e+04 2.614448726065654635e-07 1.540380127315630698e-07
2.703725794200000382e+04 2.635509028340880509e-07 1.613644874572124580e-07
2.707859931500000312e+04 2.604413344062750020e-07 1.710219423799466166e-07
2.711994068800000241e+04 2.520918878832757852e-07 1.810675877409851911e-07
2.716128206100000170e+04 2.396187689725813903e-07 1.902883494010827383e-07
2.720262343400000464e+04 2.245811532867831381e-07 1.978247582099415449e-07
2.724396480700000393e+04 2.088945900627771459e-07 2.023149416238117803e-07
2.728530618000000322e+04 1.951121814899196763e-07 2.027779936975604763e-07
2.732664755300000252e+04 1.857434237979925687e-07 1.993949455105575582e-07
2.736798892600000181e+04 1.829403027426980288e-07 1.932314372709430381e-07
2.740933029900000111e+04 1.878137424041848861e-07 1.858583481722511519e-07
2.745067167200000404e+04 1.997631100453062725e-07 1.788823830759853269e-07
2.749201304500000333e+04 2.167606429205618554e-07 1.733306492495551525e-07
2.753335441800000262e+04 2.353438955909559441e-07 1.694153765677424935e-07
2.757469579100000192e+04 2.518591589472877632e-07 1.672914113940395626e-07
2.761603716400000121e+04 2.628956509720525234e-07 1.675405883484639734e-07
2.765737853700000414e+04 2.656494769510694562e-07 1.699482989663121565e-07
2.769871991000000344e+04 2.597255097816803036e-07 1.740125972267825152e-07
2.774006128300000273e+04 2.460418813086968089e-07 1.792511682852798980e-07
2.778140265600000203e+04 2.275268562203209494e-07 1.849545220299934539e-07
2.782274402900000132e+04 2.076087714826187595e-07 1.907554612404035622e-07
2.786408540200000425e+04 1.903699901231592987e-07 1.960872908805371442e-07
2.790542677500000354e+04 1.797824020169576167e-07 2.001075971599530150e-07
2.794676814800000284e+04 1.779257185154650870e-07 2.021309703184518524e-07
2.798810952100000213e+04 1.852481584107991834e-07 2.014054442243001397e-07
2.802945089400000143e+04 1.999169428806831086e-07 1.973705553611562154e-07
2.807079226700000436e+04 2.190469026368717691e-07 1.906394036586890801e-07
2.811213364000000365e+04 2.379032767366505830e-07 1.829512459189018633e-07
2.815347501300000295e+04 2.519869259966427730e-07 1.766933061442136369e-07
2.819481638600000224e+04 2.579125804160563896e-07 1.735134747965319154e-07
2.823615775900000153e+04 2.547160788537459027e-07 1.736180344427836451e-07
2.827749913200000447e+04 2.436763782680272302e-07 1.761722534938073593e-07
2.831884050500000376e+04 2.278565249788252592e-07 1.798154573184740013e-07
2.836018187800000305e+04 2.107882965420562296e-07 1.838723167900870034e-07
2.840152325100000235e+04 1.964475347420021491e-07 1.886167285261150534e-07
2.844286462400000164e+04 1.883195693425610943e-07 1.938517635797605895e-07
2.848420599700000457e+04 1.883247658383310156e-07 1.987878863767041685e-07
2.852554737000000387e+04 1.963837494588561270e-07 2.019748083425429813e-07
2.856688874300000316e+04 2.104004070750098749e-07 2.020867885596233924e-07
2.860823011600000245e+04 2.266571730646784646e-07 1.987824653214691789e-07
2.864957148900000175e+04 2.413764093416793845e-07 1.927702208188158469e-07
2.869091286200000468e+04 2.512368703384023083e-07 1.857644653503700312e-07
2.873225423500000397e+04 2.543285201665075196e-07 1.800099129672906421e-07
2.877359560800000327e+04 2.504131181110943647e-07 1.768293757141891290e-07
2.881493698100000256e+04 2.408356872296944800e-07 1.765573130831936251e-07
2.885627835400000185e+04 2.282662656743033904e-07 1.783949398956616852e-07
2.889761972700000479e+04 2.156319554933908192e-07 1.816809047389600862e-07
2.893896110000000408e+04 2.052903804809150617e-07 1.858189895329941761e-07
2.898030247300000337e+04 1.990294744366818808e-07 1.903147218229905929e-07
2.902164384600000267e+04 1.980684093346904563e-07 1.943250305434641121e-07
2.906298521900000196e+04 2.018584872363325682e-07 1.976394173590793862e-07
2.910432659200000489e+04 2.095208095559718423e-07 1.999357254760858855e-07
2.914566796500000419e+04 2.194277406262805517e-07 2.006863987814931268e-07
2.918700933800000348e+04 2.295820007896740175e-07 1.994027118771215025e-07
2.922835071100000278e+04 2.384437202462056946e-07 1.964782821379285536e-07
2.926969208400000207e+04 2.445498433191611301e-07 1.926540780931812649e-07
2.931103345700000136e+04 2.467314204275818107e-07 1.889709951130191432e-07
2.935237483000000429e+04 2.452457126021735748e-07 1.863623269475072042e-07
2.939371620300000359e+04 2.413107113572090602e-07 1.849444853703025856e-07
2.943505757600000288e+04 2.357644523518105202e-07 1.848684591403579474e-07
2.947639894900000218e+04 2.298014908117507807e-07 1.857852299099168346e-07
2.951774032200000147e+04 2.243645289450244877e-07 1.868100293999043607e-07
2.955908169500000440e+04 2.197491162171581398e-07 1.875266028176511688e-07
2.960042306800000370e+04 2.159133241428646730e-07 1.875714468508657275e-07
2.964176444100000299e+04 2.135956594065745271e-07 1.877029473023984017e-07
2.968310581400000228e+04 2.137397448415754921e-07 1.890500704580715314e-07
2.972444718700000158e+04 2.169870735785872781e-07 1.916123713539967255e-07
2.976578856000000451e+04 2.230035617264615381e-07 1.947623714785734859e-07
2.980712993300000380e+04 2.310700221880932390e-07 1.977770996501828872e-07
2.984847130600000310e+04 2.399151916716373246e-07 2.000119292887675989e-07
2.988981267900000239e+04 2.485978309887919106e-07 2.009713222441052440e-07
2.993115405200000168e+04 2.558381437534113818e-07 2.005857758371030987e-07
2.997249542500000462e+04 2.600920538433145563e-07 1.985059024466885218e-07
3.001383679800000391e+04 2.598502084851414037e-07 1.947204200167795647e-07
3.005517817100000320e+04 2.549621151943298430e-07 1.897468094438898464e-07
3.009651954400000250e+04 2.462661862188135211e-07 1.839486296111930136e-07
3.013786091700000179e+04 2.355292569240056302e-07 1.784002887392406678e-07
3.017920229000000472e+04 2.249963636764958915e-07 1.744342850336960694e-07
3.022054366300000402e+04 2.170536101236454168e-07 1.733201562705069097e-07
3.026188503600000331e+04 2.137677743616944898e-07 1.756622960076645265e-07
3.030322640900000260e+04 2.161912278557998008e-07 1.819574821305444473e-07
3.034456778200000190e+04 2.237972920190667936e-07 1.909732690287942715e-07
3.038590915500000483e+04 2.350576967255796146e-07 2.007167374683042494e-07
3.042725052800000412e+04 2.479294643181778534e-07 2.085431025481318709e-07
3.046859190100000342e+04 2.602709680975499835e-07 2.121261391145664515e-07
3.050993327400000271e+04 2.694033230196447595e-07 2.104628461971158633e-07
3.055127464700000201e+04 2.742975333949720048e-07 2.041864847260585717e-07
3.059261602000000494e+04 2.739136718526077719e-07 1.944557317178154321e-07
3.063395739300000423e+04 2.684303050731312068e-07 1.830695718612322003e-07
3.067529876600000352e+04 2.588985282095732387e-07 1.722933467971089088e-07
3.071664013900000282e+04 2.467906192921704333e-07 1.647923287200578210e-07
3.075798151200000211e+04 2.347207542634993591e-07 1.626981110726850067e-07
3.079932288500000504e+04 2.254280308349390389e-07 1.666497960376184020e-07
3.084066425800000434e+04 2.211766604853332888e-07 1.758618223401580617e-07
3.088200563100000363e+04 2.231867570328471078e-07 1.880880916617054958e-07
3.092334700400000293e+04 2.312661058900826670e-07 1.999275308254753013e-07
3.096468837700000222e+04 2.441140046411596829e-07 2.085717807340363888e-07
3.100602975000000151e+04 2.590142811455753235e-07 2.120404409702354440e-07
3.104737112300000445e+04 2.730105284701088349e-07 2.090095933368542261e-07
3.108871249600000374e+04 2.831864804702181906e-07 2.002738097714274540e-07
3.113005386900000303e+04 2.875783894777391464e-07 1.886900816394719508e-07
3.117139524200000233e+04 2.856791062048032897e-07 1.771676730022059586e-07
3.121273661500000162e+04 2.787061015961192659e-07 1.684161143941173438e-07
3.125407798800000455e+04 2.681733473594630647e-07 1.634627501159163322e-07
3.129541936100000385e+04 2.567075415834779583e-07 1.630585387981982647e-07
3.133676073400000314e+04 2.473202632619320960e-07 1.665845347987682252e-07
3.137810210700000243e+04 2.422487205639007540e-07 1.734117383049860385e-07
3.141944348000000173e+04 2.423863742786756040e-07 1.825348549025685163e-07
3.146078485300000466e+04 2.475645762091499618e-07 1.914104477600049689e-07
3.150212622600000395e+04 2.571366416945423763e-07 1.971909366906702299e-07
3.154346759900000325e+04 2.689387230513373415e-07 1.981689713322395745e-07
3.158480897200000254e+04 2.805944748248660719e-07 1.940809743839973186e-07
3.162615034500000183e+04 2.898661014013134956e-07 1.862881440903412782e-07
3.166749171800000477e+04 2.956065773780338836e-07 1.774838116556040361e-07
3.170883309100000406e+04 2.971166252141307124e-07 1.702623800439840072e-07
3.175017446400000335e+04 2.938744802125743753e-07 1.659252455746213683e-07
3.179151583700000265e+04 2.864253880633276806e-07 1.647287132154746303e-07
3.183285721000000194e+04 2.765317691944103800e-07 1.660749545985770097e-07
3.187419858300000487e+04 2.665168367664904281e-07 1.693974348072505402e-07
3.191553995600000417e+04 2.587235163683822247e-07 1.742986649223512658e-07
3.195688132900000346e+04 2.549320182312717932e-07 1.800553629571212068e-07
3.199822270200000276e+04 2.562052111316941230e-07 1.847511318590137881e-07
3.203956407500000205e+04 2.615715624476312706e-07 1.871095260583463959e-07
3.208090544800000498e+04 2.700223287615168776e-07 1.862126504019816425e-07
3.212224682100000427e+04 2.800007565495159683e-07 1.823500788047677569e-07
3.216358819400000357e+04 2.900074168396771388e-07 1.767818931902135402e-07
3.220492956700000286e+04 2.985545442387065396e-07 1.703814518324062933e-07
3.224627094000000216e+04 3.048622868298207868e-07 1.642305111344269970e-07
3.228761231300000509e+04 3.081349343784383842e-07 1.592938555594886612e-07
3.232895368600000438e+04 3.080954553506249373e-07 1.565677324436743855e-07
3.237029505900000368e+04 3.049800314374099599e-07 1.562589714137773125e-07
3.241163643200000297e+04 2.989942101652587001e-07 1.582578883280769080e-07
3.245297780500000226e+04 2.904801540936550240e-07 1.622498589973839967e-07
3.249431917800000519e+04 2.808088316145658459e-07 1.680749437509977079e-07
3.253566055100000449e+04 2.721211305389736292e-07 1.748161121098257670e-07
3.257700192400000378e+04 2.663721434088994515e-07 1.808032147551912987e-07
3.261834329700000308e+04 2.649231066953543967e-07 1.842216220866538251e-07
3.265968467000000237e+04 2.683010612048485368e-07 1.839677980828984314e-07
3.270102604300000166e+04 2.762569745187251425e-07 1.801126320604971922e-07
3.274236741600000460e+04 2.875686962918583390e-07 1.738583773205227053e-07
3.278370878900000389e+04 2.999430462919961419e-07 1.670285643228488442e-07
3.282505016200000682e+04 3.106707071849168072e-07 1.612427854079846134e-07
3.286639153500000248e+04 3.175895642802663479e-07 1.567920438828299518e-07
3.290773290800000541e+04 3.191909084919363008e-07 1.535941030181889425e-07
3.294907428100000106e+04 3.155628200231479946e-07 1.512939355492626775e-07
3.299041565400000400e+04 3.083864269300232001e-07 1.502525290490845014e-07
3.303175702700000693e+04 3.001500099053875655e-07 1.515809763764963296e-07
3.307309840000000258e+04 2.932524159576118091e-07 1.547775307011805975e-07
3.311443977300000552e+04 2.897822964267307606e-07 1.585410318439254183e-07
3.315578114600000117e+04 2.901010086010790779e-07 1.617957242686455053e-07
3.319712251900000410e+04 2.940676974635338000e-07 1.635451232103935038e-07
3.323846389200000704e+04 3.001987228749127962e-07 1.635233879830317653e-07
3.327980526500000269e+04 3.072935858991943234e-07 1.619310497839347780e-07
3.332114663800000562e+04 3.147810788060053810e-07 1.592048180917544239e-07
3.336248801100000128e+04 3.216521411467782722e-07 1.562960763705310388e-07
3.340382938400000421e+04 3.267739907167882133e-07 1.534575672828773873e-07
3.344517075700000714e+04 3.285613060727311703e-07 1.512573997651311682e-07
3.348651213000000280e+04 3.262723006775258268e-07 1.499524990010360291e-07
3.352785350300000573e+04 3.202153558101542210e-07 1.499401930793422279e-07
3.356919487600000139e+04 3.118301150461627669e-07 1.517546234354145670e-07
3.361053624900000432e+04 3.035036825634984094e-07 1.549199703286081100e-07
3.365187762199999997e+04 2.975089385667187563e-07 1.578374233735689110e-07
3.369321899500000291e+04 2.954456883046009793e-07 1.584369253337992704e-07
3.373456036800000584e+04 2.983014705571656761e-07 1.555386373506762797e-07
3.377590174100000149e+04 3.051222944964251838e-07 1.500807753219495306e-07
3.381724311400000443e+04 3.145061348992674908e-07 1.445965849385720170e-07
3.385858448700000008e+04 3.246213911360320300e-07 1.415025375503422217e-07
3.389992586000000301e+04 3.338554006696114037e-07 1.422624919269395089e-07
3.394126723300000594e+04 3.404894555652231619e-07 1.463914432886995029e-07
3.398260860600000160e+04 3.439177064642922842e-07 1.518457173524111557e-07
3.402394997900000453e+04 3.443043923540681659e-07 1.564079013973445236e-07
3.406529135200000019e+04 3.416985032593534599e-07 1.582453076788648793e-07
3.410663272500000312e+04 3.365919949547364741e-07 1.570482123717422920e-07
3.414797409800000605e+04 3.296942192555418871e-07 1.534712543979354763e-07
3.418931547100000171e+04 3.225106631163368687e-07 1.491779543613377762e-07
3.423065684400000464e+04 3.165066510324825433e-07 1.457055857539794144e-07
3.427199821700000030e+04 3.129165263321036422e-07 1.430899256383243057e-07
3.431333959000000323e+04 3.121186407165525062e-07 1.404433719696020341e-07
3.435468096300000616e+04 3.142403728531941719e-07 1.373291747546161942e-07
3.439602233600000181e+04 3.190431469471733715e-07 1.347524718955595202e-07
3.443736370900000475e+04 3.260577435718729324e-07 1.343915363591802326e-07
3.447870508200000040e+04 3.340281690250607495e-07 1.371473549389128519e-07
3.452004645500000333e+04 3.420234178199825220e-07 1.422837067206829460e-07
3.456138782800000627e+04 3.492957592466250303e-07 1.478902208271198778e-07
3.460272920100000192e+04 3.544567736914588353e-07 1.520538436503712256e-07
3.464407057400000485e+04 3.564836670394161364e-07 1.533968669809887700e-07
3.468541194700000051e+04 3.551886070636259077e-07 1.511248049733455729e-07
3.472675332000000344e+04 3.514026637357483378e-07 1.452303012237054156e-07
3.476809469300000637e+04 3.463701398321636795e-07 1.373463436805360662e-07
3.480943606600000203e+04 3.414282919613180225e-07 1.293541640592866359e-07
3.485077743900000496e+04 3.376422054269793587e-07 1.230731728687417084e-07
3.489211881200000062e+04 3.357109870923191401e-07 1.197578900640861463e-07
3.493346018500000355e+04 3.361246597051762973e-07 1.193216559370156202e-07
3.497480155800000648e+04 3.393558537186177572e-07 1.218698423271930264e-07
3.501614293100000214e+04 3.450471680508017869e-07 1.262315404908508158e-07
3.505748430400000507e+04 3.526029025279545899e-07 1.311506859115637848e-07
3.509882567700000072e+04 3.603435579425917053e-07 1.354917054559537543e-07
3.514016705000000366e+04 3.660034111030929165e-07 1.385715024806315860e-07
3.518150842300000659e+04 3.673551889786174410e-07 1.399514077793962028e-07
3.522284979600000224e+04 3.641508613253918243e-07 1.401949195583587617e-07
3.526419116900000517e+04 3.576021648150056133e-07 1.401352329859695100e-07
3.530553254200000083e+04 3.492982218422653592e-07 1.401269884988515087e-07
3.534687391500000376e+04 3.410080276361190938e-07 1.402130953150293012e-07
3.538821528800000669e+04 3.351409008449945138e-07 1.396684902549541190e-07
3.542955666100000235e+04 3.334196170764809515e-07 1.382396191950486789e-07
3.547089803400000528e+04 3.367280473241243383e-07 1.362736871086157456e-07
3.551223940700000094e+04 3.449948922488017192e-07 1.340614921415246039e-07
3.555358078000000387e+04 3.568477670120310132e-07 1.309951269586627277e-07
3.559492215300000680e+04 3.696421857877067116e-07 1.271722598722727377e-07
3.563626352600000246e+04 3.806149850424619692e-07 1.228181579580282195e-07
3.567760489900000539e+04 3.867030130931253030e-07 1.184313182790924582e-07
3.571894627200000104e+04 3.867940166508239004e-07 1.152249502561978784e-07
3.576028764500000398e+04 3.812799784825384274e-07 1.142628627149330748e-07
3.580162901800000691e+04 3.717077765002688987e-07 1.168193320816031098e-07
3.584297039100000256e+04 3.606503484370278488e-07 1.230588135770489248e-07
3.588431176400000550e+04 3.503210984089868300e-07 1.324278205703017862e-07
3.592565313700000115e+04 3.426046070104897554e-07 1.428620214001945290e-07
3.596699451000000408e+04 3.389572200894504773e-07 1.523133004424891101e-07
3.600833588300000702e+04 3.404544117982800282e-07 1.584935512718880755e-07
3.604967725600000267e+04 3.474780098560580991e-07 1.598335705849035163e-07
3.609101862900000560e+04 3.585335598696233834e-07 1.556237636770111521e-07
3.613236000200000126e+04 3.711220325750361788e-07 1.459815651735817473e-07
3.617370137500000419e+04 3.831693382298657267e-07 1.324613002369261404e-07
3.621504274800000712e+04 3.921973578275680500e-07 1.179046397492055487e-07
3.625638412100000278e+04 3.961491506282286643e-07 1.049436761584117106e-07
3.629772549400000571e+04 3.947718777923730774e-07 9.553808989238218814e-08
3.633906686700000137e+04 3.893370081476032369e-07 9.118847395412308876e-08
3.638040824000000430e+04 3.814851937271770339e-07 9.245180289600345171e-08
3.642174961300000723e+04 3.734541940851767522e-07 9.915567690033369379e-08
3.646309098600000289e+04 3.670906686954346181e-07 1.104292910432618629e-07
3.650443235900000582e+04 3.639501668455274453e-07 1.244775644627453136e-07
3.654577373200000147e+04 3.645443225703320742e-07 1.376858185275655851e-07
3.658711510500000441e+04 3.682196689337702968e-07 1.472813038818918150e-07
3.662845647800000734e+04 3.735011172363627752e-07 1.517907132383514221e-07
3.666979785100000299e+04 3.791605367644369122e-07 1.509623758301851799e-07
3.671113922400000592e+04 3.840810591002350853e-07 1.454039492116221522e-07
3.675248059700000158e+04 3.880114912475164213e-07 1.369732022063286861e-07
3.679382197000000451e+04 3.910121414108186453e-07 1.269571738910680548e-07
3.683516334300000744e+04 3.925945625848170921e-07 1.168693509720708110e-07
3.687650471600000310e+04 3.930917127508856530e-07 1.074277286987735480e-07
3.691784608900000603e+04 3.925920053628535265e-07 9.938743091300553766e-08
3.695918746200000169e+04 3.910142181969585131e-07 9.405193577472755782e-08
3.700052883500000462e+04 3.885086350319776124e-07 9.374921343964703124e-08
3.704187020800000755e+04 3.855270317014938025e-07 1.001591853452546525e-07
3.708321158100000321e+04 3.821338193259128979e-07 1.128766418757970680e-07
3.712455295400000614e+04 3.791256380679652222e-07 1.294526416711474120e-07
3.716589432700000179e+04 3.775513895278188918e-07 1.453467107171070313e-07
3.720723570000000473e+04 3.779457074687126802e-07 1.564045333550971788e-07
3.724857707300000038e+04 3.806396722263270187e-07 1.594928911877434623e-07
3.728991844600000331e+04 3.851032795972124482e-07 1.545216589534400210e-07
3.733125981900000625e+04 3.905079164306053237e-07 1.431912156843429194e-07
3.737260119200000190e+04 3.956537428172692626e-07 1.288590059997825487e-07
3.741394256500000483e+04 3.998210109845385294e-07 1.149975191890660627e-07
3.745528393800000049e+04 4.024653839461672058e-07 1.037966152390944047e-07
3.749662531100000342e+04 4.033241548149580546e-07 9.590485739225870289e-08
3.753796668400000635e+04 4.025692361071240109e-07 9.302847410877502132e-08
3.757930805700000201e+04 3.995941017599347665e-07 9.781926423481549479e-08
3.762064943000000494e+04 3.952509021628143291e-07 1.096256375222875680e-07
3.766199080300000060e+04 3.907952093986011221e-07 1.247732289508412106e-07
3.770333217600000353e+04 3.874154414121182062e-07 1.387154060225672064e-07
3.774467354900000646e+04 3.863514584066536989e-07 1.474758860417309574e-07
3.778601492200000212e+04 3.874523816354684691e-07 1.494928298540577512e-07
3.782735629500000505e+04 3.908383712505706543e-07 1.450646500483669676e-07
3.786869766800000070e+04 3.961045566864255641e-07 1.364270023965764206e-07
3.791003904100000364e+04 4.027085458756618671e-07 1.254600150709179274e-07
3.795138041400000657e+04 4.093640271973529104e-07 1.143686024546284922e-07
3.799272178700000222e+04 4.152195429354903595e-07 1.043472584434049370e-07
3.803406316000000515e+04 4.189345546460186971e-07 9.715512624228528363e-08
3.807540453300000081e+04 4.194648215306633789e-07 9.537986768867155334e-08
3.811674590600000374e+04 4.168931097030227063e-07 9.974149138303166099e-08
3.815808727900000667e+04 4.119397869702014766e-07 1.093408279462664906e-07
3.819942865200000233e+04 4.051623699979264939e-07 1.214521552188409420e-07
3.824077002500000526e+04 3.976863130918932567e-07 1.327450808071091751e-07
3.828211139800000092e+04 3.909006886487096528e-07 1.407960400308509766e-07
3.832345277100000385e+04 3.858347192409011731e-07 1.446842090864602173e-07
3.836479414400000678e+04 3.838002785628512079e-07 1.446211358099485430e-07
3.840613551700000244e+04 3.858764988958799216e-07 1.419934410907549527e-07
3.844747689000000537e+04 3.922072584604568466e-07 1.382540639114931392e-07
3.848881826300000102e+04 4.022594513241975432e-07 1.334335693227128301e-07
3.853015963600000396e+04 4.141142364784412207e-07 1.272086133041890497e-07
3.857150100900000689e+04 4.255803469400234148e-07 1.195037821051308038e-07
3.861284238200000254e+04 4.345778268189131669e-07 1.118973776871980721e-07
3.865418375500000548e+04 4.392576919804878245e-07 1.066505066631151891e-07
3.869552512800000113e+04 4.380110665342139307e-07 1.061882513916641387e-07
3.873686650100000406e+04 4.305249405936949148e-07 1.103284214485981504e-07
3.877820787400000700e+04 4.184092976969808390e-07 1.168310208419939504e-07
3.881954924700000265e+04 4.040570327479724043e-07 1.238990654699245493e-07
3.886089062000000558e+04 3.904087866943573795e-07 1.304305063650647613e-07
3.890223199300000124e+04 3.804842955737351122e-07 1.364236109495332175e-07
3.894357336600000417e+04 3.769590778798988270e-07 1.413661812216791547e-07
3.898491473900000710e+04 3.810299109917741580e-07 1.451826922671697871e-07
3.902625611200000276e+04 3.918260424391706195e-07 1.465015662616580705e-07
3.906759748500000569e+04 4.073889753238789669e-07 1.440147167491279938e-07
3.910893885800000135e+04 4.247508737047145562e-07 1.376027842733834062e-07
3.915028023100000428e+04 4.404788097591283495e-07 1.287322124598312037e-07
3.919162160400000721e+04 4.514937366614039577e-07 1.195104790776600106e-07
3.923296297700000287e+04 4.553205532607121596e-07 1.125174773360265571e-07
3.927430435000000580e+04 4.507252803165122747e-07 1.097550128984394658e-07
3.931564572300000145e+04 4.383916397831338535e-07 1.115961666380682736e-07
3.935698709600000439e+04 4.211968127176943672e-07 1.164862485311976030e-07
3.939832846900000732e+04 4.030174526516945898e-07 1.226236847170844267e-07
3.943966984200000297e+04 3.881330963788507087e-07 1.284884754676617742e-07
3.948101121500000590e+04 3.799859669019371806e-07 1.335838433358731274e-07
3.952235258800000156e+04 3.803951157664001284e-07 1.377006958130274352e-07
3.956369396100000449e+04 3.890460906438016958e-07 1.402989230978705176e-07
3.960503533400000742e+04 4.042819252175019797e-07 1.416234317881254309e-07
3.964637670700000308e+04 4.226197780517520692e-07 1.424085783126437976e-07
3.968771808000000601e+04 4.399198595845037699e-07 1.430707820577606336e-07
3.972905945300000167e+04 4.529286926025625493e-07 1.429812965453775057e-07
3.977040082600000460e+04 4.581904944229623493e-07 1.412799414615686905e-07
3.981174219900000753e+04 4.548305814999921075e-07 1.371787375350990744e-07
3.985308357200000319e+04 4.443122855034995349e-07 1.304254526645715982e-07
3.989442494500000612e+04 4.300356401538969575e-07 1.223593239439275055e-07
3.993576631800000177e+04 4.156061267478590771e-07 1.153358293456195350e-07
3.997710769100000471e+04 4.040515231466235082e-07 1.115586925294622638e-07
4.001844906400000764e+04 3.975661409391099347e-07 1.120707942059574296e-07
4.005979043700000329e+04 3.971451682453759431e-07 1.168119433491672624e-07
4.010113181000000623e+04 4.026437702149390854e-07 1.246928450291123475e-07
4.014247318300000188e+04 4.126859140457232879e-07 1.343995347309241485e-07
4.018381455600000481e+04 4.251848418067030989e-07 1.444692295737296985e-07
4.022515592900000775e+04 4.372673241813540202e-07 1.529434698360718668e-07
4.026649730200000340e+04 4.461066959834114368e-07 1.584210031174883639e-07
4.030783867500000633e+04 4.497280850907212845e-07 1.600515343856477347e-07
4.034918004800000199e+04 4.477673413266802076e-07 1.567471365090645887e-07
4.039052142100000492e+04 4.409814256555740169e-07 1.487653724169156469e-07
4.043186279400000785e+04 4.314038298871872105e-07 1.372965316968608692e-07
4.047320416700000351e+04 4.216690723182393428e-07 1.247526176562680440e-07
4.051454554000000644e+04 4.142507446392108122e-07 1.149450429560415825e-07
4.055588691300000210e+04 4.108786029355722904e-07 1.110405728531842898e-07
4.059722828600000503e+04 4.123530476015326220e-07 1.136212949991664867e-07
4.063856965900000068e+04 4.181677795136412905e-07 1.215906790582735840e-07
4.067991103200000362e+04 4.270362663418094506e-07 1.322637728609797343e-07
4.072125240500000655e+04 4.366115431316625124e-07 1.435399633741401686e-07
4.076259377800000220e+04 4.448646331396120457e-07 1.535245279759527893e-07
4.080393515100000513e+04 4.502805033498956033e-07 1.606431368062830739e-07
4.084527652400000079e+04 4.520612093937570076e-07 1.638213785547892325e-07
4.088661789700000372e+04 4.501026699893287989e-07 1.624599686466634423e-07
4.092795927000000665e+04 4.449659423827524210e-07 1.567534515020728459e-07
4.096930064300000231e+04 4.377879211970080914e-07 1.477132617229840335e-07
4.101064201600000524e+04 4.295902147831142060e-07 1.368749875410831038e-07
4.105198338900000090e+04 4.212120908787790099e-07 1.265376136059068509e-07
4.109332476200000383e+04 4.141605375317301074e-07 1.195275710412361469e-07
4.113466613500000676e+04 4.101314585035524336e-07 1.186306984668073234e-07
4.117600750800000242e+04 4.106043738367848198e-07 1.239854460449864076e-07
4.121734888100000535e+04 4.155613180790090232e-07 1.331765488986179454e-07
4.125869025400000100e+04 4.243299309773199547e-07 1.421066132357792861e-07
4.130003162700000394e+04 4.355223936288445359e-07 1.482226968537940955e-07
4.134137300000000687e+04 4.475338635947220239e-07 1.513041080630143916e-07
4.138271437300000252e+04 4.580818626098830063e-07 1.524867828113225254e-07
4.142405574600000546e+04 4.651390587973067322e-07 1.529430040114329692e-07
4.146539711900000111e+04 4.674331177029284248e-07 1.526214511147456430e-07
4.150673849200000404e+04 4.641109807097496054e-07 1.506671694312667054e-07
4.154807986500000698e+04 4.555623251077773731e-07 1.459221156339392256e-07
4.158942123800000263e+04 4.430793229106160015e-07 1.388243325635591964e-07
4.163076261100000556e+04 4.291844694171302100e-07 1.320637153958319783e-07
4.167210398400000122e+04 4.169612144166853706e-07 1.292833847769313064e-07
4.171344535700000415e+04 4.087065190278178164e-07 1.322558845905541164e-07
4.175478673000000708e+04 4.062891590321373172e-07 1.387290537968510144e-07
4.179612810300000274e+04 4.099395335297652989e-07 1.449242684729066478e-07
4.183746947600000567e+04 4.190406615825347742e-07 1.489010042066312314e-07
4.187881084900000133e+04 4.320398944924688023e-07 1.507038628274292165e-07
4.192015222200000426e+04 4.462969639226187934e-07 1.514329299408519947e-07
4.196149359500000719e+04 4.588315284489994306e-07 1.523898729061205253e-07
4.200283496800000285e+04 4.668177881085196015e-07 1.532299735350680237e-07
4.204417634100000578e+04 4.689494638196823970e-07 1.523467423003432434e-07
4.208551771400000143e+04 4.653111436558763444e-07 1.486597936908832433e-07
4.212685908700000437e+04 4.567146128073200383e-07 1.431233182031966058e-07
4.216820046000000730e+04 4.452784877307798905e-07 1.378295377146503519e-07
4.220954183300000295e+04 4.333807416142489388e-07 1.356318017419636181e-07
4.225088320600000588e+04 4.231524673166127394e-07 1.376486054502142511e-07
4.229222457900000154e+04 4.164649630718866957e-07 1.413939420957646749e-07
4.233356595200000447e+04 4.141846397520916316e-07 1.431348140353192137e-07
