<!--
 Git information:
    i-PI version: unknown
      Remote URL: https://github.com/i-pi/i-pi.git
          Branch: main                    
     Last Commit: f5d94d4a2cbc6262d4730c8559e1ad81151cec4f

 Simulation information:
           Machine Name: ockham.pl.ucsd.edu
      Working Directory: /home/rrashmi/tutorials/QDMS/final/timecorrs/cmd
          Date and Time: 2025-07-15 15:39:25
-->
<simulation verbosity='low'>
   <prng>
      <seed>3241</seed>
      <state>[{"bit_generator": "MT19937", "state": {"key": [3440832746, 1843598732, 4040738829, 1302877797, 1743859469, 212730862, 1689801328, 2367993056, 314530082, 299613074, 3662576658, 4020550587, 874151222, 1008915676, 2111008903, 717614248, 1687982844, 3130109199, 3989754129, 4112138250, 2581343888, 8850713, 2953162062, 4251223859, 734504622, 2780463982, 1879931414, 65558384, 2614301897, 3638820376, 132978119, 3359988751, 3864899463, 2390222948, 776679546, 4219887084, 2069293734, 3820152106, 635467568, 3641215421, 2721520658, 1868565629, 2854057798, 2065764994, 739313856, 811130325, 1827142659, 1887802452, 1200159818, 4015831334, 3641918451, 3973040478, 456500741, 872436720, 811207385, 1607771898, 3712556844, 1839692635, 2590911613, 2769101046, 267082440, 2011329128, 4234179016, 3073053957, 4051906663, 3007190876, 3962143546, 1742201827, 2418896584, 1844238379, 613866875, 2193402886, 2692326583, 496123907, 3083146676, 2119715, 3113381470, 1559400026, 193234817, 2117483849, 2012187756, 3967600879, 3348586166, 2953076252, 48858696, 1711673316, 3755341274, 574902003, 4085995392, 4161141128, 1559427854, 1922389081, 2424731903, 950596939, 3313329991, 3574067015, 3892953, 2940653315, 1981159861, 44992115, 94454596, 778343011, 3605075838, 1658403640, 634366809, 4008412155, 1036408541, 2616482986, 3882243933, 617868592, 1402602321, 1582602803, 1436133719, 2631005057, 295643821, 2692443019, 159078270, 2251044500, 1497472395, 1570862661, 4197013064, 2458931628, 2188358476, 2606648299, 4257179863, 2317575892, 3243738736, 3161995002, 1453866600, 3130055065, 357358118, 946905427, 3455696210, 833876440, 2183223907, 3348358728, 1818621704, 700865575, 824353355, 3542644236, 978003843, 2018831776, 1308043113, 1621407639, 117908023, 3372879977, 839963364, 187980988, 323701645, 2238900583, 3003023193, 206346804, 4213777059, 2685150938, 2711268013, 2261751676, 832893888, 1243364641, 2826466314, 2836917144, 476034468, 3156581058, 3859495176, 1455300538, 3001002828, 4063788208, 3595089457, 2538897277, 724105211, 126818843, 3804664964, 798764748, 159279849, 3965241169, 2001761974, 4004726238, 458704692, 2516602540, 1775076350, 3686099256, 1222137498, 666213749, 2329157955, 2441686326, 2514869710, 367744633, 2287496592, 2135843732, 2084042451, 2354682534, 104609322, 3338207063, 1523000451, 3346374420, 2683254289, 1452545041, 2390490873, 76271058, 3106476175, 3123748572, 53951866, 1150263382, 2940864516, 3587819710, 3633255958, 1507943340, 1869100078, 911806040, 1381095717, 3651682290, 2424303327, 970527486, 3384568750, 1896522748, 2742100330, 3126725086, 2710861848, 1100332824, 820275871, 4281950887, 3335818403, 423185382, 2288263724, 3309591542, 2850085512, 1845782060, 3399444155, 2710673003, 2143017793, 1218842436, 1874581573, 1445973017, 1200173921, 1496421391, 474878406, 2645869074, 2749458771, 1335263245, 2526237946, 2244379453, 174708390, 3926838280, 1664560440, 65263105, 168880271, 427661942, 3311671876, 158686520, 2217175737, 1799890468, 1293551754, 4032654298, 2258589044, 737221018, 1631327429, 710250163, 2332985046, 1678499194, 2209670978, 2166231133, 3603362180, 2086152510, 1751659136, 2224556741, 1361368725, 739188331, 3164081884, 3623537710, 2102888419, 2614464172, 1110461885, 505676602, 3674252984, 4167289054, 102382399, 386846462, 2770324199, 2503371970, 430145740, 3383748124, 3416134780, 3133587002, 1515122836, 3073985687, 2078860402, 3013505948, 3886683423, 3486762713, 2900800538, 2088064658, 709668477, 2549301560, 3977661997, 169503507, 2688320308, 737144413, 4174435567, 683429279, 3104357943, 3110399413, 2628711642, 3516291289, 4037367608, 194398107, 4039292912, 235564481, 2748468210, 2223254847, 2098558109, 126617330, 2393651419, 332846647, 3267856473, 3652853089, 320547811, 3979640471, 3160161249, 2682484200, 3203555111, 3775437961, 4190811772, 1454714588, 2076176771, 584692853, 2653012158, 1287108906, 2546534799, 2697248048, 830699445, 125554211, 537263001, 2985109800, 14606641, 2171961191, 3232887276, 3073074422, 511119714, 1283242001, 174291647, 541462810, 4146287261, 2840248777, 2876212673, 260494834, 2388687826, 3593177896, 3626704279, 1765106076, 703616034, 1801518468, 971759542, 549529487, 3959801732, 3739624492, 1551714056, 1700546429, 2715074314, 2574011223, 379962564, 111470618, 799359810, 3146924091, 1899747967, 2852833814, 2156698971, 1483891983, 533963813, 2703098908, 3482508187, 1291924242, 524091456, 1378985333, 277310181, 618604112, 1531882858, 170666410, 2046990110, 987448172, 3413894024, 2022628582, 391095257, 2326058713, 3153203743, 3932041995, 551790096, 274562988, 814467140, 3701520502, 860232106, 1129023784, 4290201457, 2894686777, 1513020705, 1893950871, 2122068034, 2993378763, 88957852, 1865297497, 4174499950, 543069588, 2754337272, 3784353091, 4124694084, 2925847936, 3554383960, 411270775, 1106611958, 4147078197, 3972184615, 3079556593, 1196585426, 571052318, 2551164519, 4089584992, 3635655370, 3470188076, 2753362569, 2088127727, 588419414, 2933074123, 3369216002, 1467668191, 2922006158, 307771252, 3585500653, 1314440874, 3482660926, 2278097394, 911035013, 382510827, 655812552, 2674422343, 372732287, 3085701779, 2542262746, 980526240, 1926544539, 1288664599, 3876779086, 2689079205, 1290832410, 2511361543, 1380608927, 2973142873, 3943383318, 1597086797, 2999925032, 3887837838, 2217588292, 1881775279, 2779919766, 3279931134, 2161042351, 1280401746, 3173264584, 1464268798, 1661357360, 1449291586, 242326915, 1784135338, 2074400677, 3562726456, 2005213313, 2996568980, 616187033, 825215120, 610369045, 1452815049, 1418161891, 469517603, 216888873, 2786734655, 1594928216, 47011150, 650073423, 1353944159, 2476496803, 3992759534, 2375348931, 3970305410, 3422498155, 3746422941, 1639809400, 975282257, 2293654735, 498899997, 2375331801, 3528504947, 1476990416, 1001409638, 3318936768, 656895964, 1834677762, 109629339, 2701765894, 2821837003, 4037208165, 2129417341, 3714461832, 1370253518, 1438900875, 4155767564, 3836283839, 3311306473, 2801910618, 2587352745, 3117599988, 138203395, 2860831333, 82973257, 3425939305, 3927410546, 2029303658, 633531506, 138504685, 1265499229, 2144485294, 624455555, 415797197, 497683069, 506951510, 4249767813, 2389037835, 3967704021, 385102322, 1930191449, 2924273289, 2689690073, 3689133657, 2594647581, 3812023458, 2327977834, 75389150, 4186248967, 536864280, 2919907200, 4126179673, 3998142095, 2206686492, 3474313600, 2530231869, 3481101465, 2082201040, 451895172, 4193961385, 2988118234, 2142142871, 842919491, 56746683, 3027633019, 2590323543, 4003020543, 2646985474, 3502459500, 3511763339, 280524932, 3804233546, 4062134389, 3636727995, 2301931430, 3930820235, 270943557, 3511944769, 4149156103, 692731853, 3505890546, 237392004, 4221739186, 670746920, 3392651153, 1051620866, 1349564587, 1464125010, 1694168494, 1339498128, 1175144193, 969958946, 955739908, 1434525927, 1743294160, 3644948579, 1739334000, 350090110, 3247961151, 2177963700, 1802100241, 2630572419, 1303710479, 959156, 4290688224, 474398040, 3930903715, 2476474323, 3852762706, 2707613427, 745224860, 4220375028, 2081846816, 1383430383, 2381353490, 3465236019, 622222515, 3075673206, 3862717218, 373846939, 3900245163, 501502914, 165958484, 3236737440, 1489377181, 2651406314, 2658081436, 280684692, 3514269784, 3564088293, 4204885405, 2430055366, 1716425303, 645936058, 4040585002, 757331774, 3276911759, 27039349, 600185833], "pos": 329}}]</state>
   </prng>
   <output prefix='simulation'>
      <properties shape='(7)' stride='200'>
       [ step, time{picosecond}, conserved, temperature{kelvin}, kinetic_md{electronvolt}, 
         kinetic_cv{electronvolt}, potential{electronvolt} ]
      </properties>
      <trajectory filename='vel' stride='40' bead='1' flush='200'>velocities</trajectory>
      <trajectory filename='pos' stride='40' bead='1' flush='200'>positions{angstrom}</trajectory>
      <trajectory filename='xc' stride='40' flush='200'>x_centroid{angstrom}</trajectory>
      <trajectory filename='vc' stride='40' flush='200'>v_centroid</trajectory>
   </output>
   <step>400000</step>
   <total_steps>400000</total_steps>
   <ffsocket mode='unix' name='driver'>
      <address>oh-cmd</address>
      <latency>  1.00000000e-10</latency>
   </ffsocket>
   <system>
      <forces>
         <force forcefield='driver'>
         </force>
      </forces>
      <ensemble>
         <temperature>  3.45182857e-04</temperature>
         <hamiltonian_weights shape='(1)'> [   1.00000000e+00 ] </hamiltonian_weights>
         <time>  4.13413730e+05</time>
      </ensemble>
      <motion mode='dynamics'>
         <fixcom>False</fixcom>
         <dynamics mode='nvt'>
            <thermostat mode='pile_g'>
               <ethermo>  8.95469954e+01</ethermo>
               <tau>  4.13413730e+04</tau>
               <pile_lambda>  1.00000000e-02</pile_lambda>
            </thermostat>
            <timestep>  1.03353433e+00</timestep>
            <nmts shape='(1)'> [ 1 ] </nmts>
         </dynamics>
      </motion>
      <beads natoms='2' nbeads='32'>
         <q shape='(32, 6)'>
          [  -7.31522831e+01,   3.32627863e+01,  -6.20784899e+00,  -7.42324502e+01,   3.50122692e+01, 
             -6.48745948e+00,  -7.31201331e+01,   3.32173954e+01,  -6.27729832e+00,  -7.41431863e+01, 
              3.46878830e+01,  -6.28293165e+00,  -7.31964406e+01,   3.33107414e+01,  -6.27920990e+00, 
             -7.42962244e+01,   3.48207871e+01,  -6.08149946e+00,  -7.32521900e+01,   3.33869279e+01, 
             -6.22708719e+00,  -7.43042716e+01,   3.49870492e+01,  -5.98094388e+00,  -7.33120204e+01, 
              3.33201359e+01,  -6.26444749e+00,  -7.44014026e+01,   3.50903160e+01,  -6.40691051e+00, 
             -7.33852654e+01,   3.32181468e+01,  -6.21215656e+00,  -7.44096380e+01,   3.47367593e+01, 
             -6.55851890e+00,  -7.34458782e+01,   3.31268768e+01,  -6.20050631e+00,  -7.43470227e+01, 
              3.46053847e+01,  -6.30245593e+00,  -7.34852820e+01,   3.30921306e+01,  -6.09163118e+00, 
             -7.41427843e+01,   3.46756337e+01,  -6.44128428e+00,  -7.33906932e+01,   3.30875978e+01, 
             -6.07511833e+00,  -7.45241846e+01,   3.47449043e+01,  -6.37050796e+00,  -7.33739624e+01, 
              3.30676911e+01,  -6.04835250e+00,  -7.43339106e+01,   3.47514768e+01,  -6.57664139e+00, 
             -7.34075314e+01,   3.31016654e+01,  -6.05041849e+00,  -7.41181521e+01,   3.47657355e+01, 
             -6.49113473e+00,  -7.34048032e+01,   3.31031087e+01,  -5.95781086e+00,  -7.40716545e+01, 
              3.47982085e+01,  -6.53370265e+00,  -7.33309186e+01,   3.31091510e+01,  -5.98694961e+00, 
             -7.39986697e+01,   3.45077965e+01,  -6.86809914e+00,  -7.32751955e+01,   3.31055237e+01, 
             -5.98353826e+00,  -7.39962692e+01,   3.45690543e+01,  -6.93056588e+00,  -7.32423188e+01, 
              3.30513130e+01,  -6.01851369e+00,  -7.36942120e+01,   3.46323165e+01,  -6.74783822e+00, 
             -7.32289459e+01,   3.31655449e+01,  -6.04015219e+00,  -7.38832695e+01,   3.48211554e+01, 
             -6.48203208e+00,  -7.31908654e+01,   3.31903221e+01,  -6.09135738e+00,  -7.38051571e+01, 
              3.48754511e+01,  -6.38556902e+00,  -7.31629383e+01,   3.32306793e+01,  -6.05459914e+00, 
             -7.37737851e+01,   3.49010689e+01,  -6.35927862e+00,  -7.31391977e+01,   3.32020929e+01, 
             -5.98117302e+00,  -7.37707233e+01,   3.47361288e+01,  -6.28550448e+00,  -7.31259651e+01, 
              3.31698197e+01,  -5.93106060e+00,  -7.41613926e+01,   3.46959679e+01,  -5.78677913e+00, 
             -7.31533316e+01,   3.31536321e+01,  -5.98397256e+00,  -7.40890906e+01,   3.48550716e+01, 
             -6.08494737e+00,  -7.31326025e+01,   3.31237510e+01,  -6.00421037e+00,  -7.39568771e+01, 
              3.49273697e+01,  -5.88612457e+00,  -7.31815736e+01,   3.31143840e+01,  -6.05179445e+00, 
             -7.39870133e+01,   3.48732350e+01,  -5.94437007e+00,  -7.31677670e+01,   3.31327090e+01, 
             -6.11543373e+00,  -7.40837707e+01,   3.49962222e+01,  -5.47722750e+00,  -7.32611390e+01, 
              3.31748061e+01,  -6.04887766e+00,  -7.43687219e+01,   3.44278954e+01,  -5.62715341e+00, 
             -7.31177540e+01,   3.32280657e+01,  -6.02788734e+00,  -7.43192775e+01,   3.45688925e+01, 
             -5.52461537e+00,  -7.31118869e+01,   3.32353310e+01,  -5.98010734e+00,  -7.45406543e+01, 
              3.42652621e+01,  -5.60652544e+00,  -7.30937764e+01,   3.32169029e+01,  -5.98764004e+00, 
             -7.47388049e+01,   3.41104284e+01,  -5.82792822e+00,  -7.31659894e+01,   3.32321673e+01, 
             -6.01022747e+00,  -7.46056631e+01,   3.44197941e+01,  -6.22411672e+00,  -7.31423403e+01, 
              3.32387824e+01,  -6.07061534e+00,  -7.44477709e+01,   3.46244730e+01,  -6.20746208e+00, 
             -7.31095899e+01,   3.32241388e+01,  -6.13911347e+00,  -7.42747563e+01,   3.48068347e+01, 
             -6.23206400e+00,  -7.31661997e+01,   3.32267456e+01,  -6.14340731e+00,  -7.40542694e+01, 
              3.50796056e+01,  -6.39711303e+00 ]
         </q>
         <p shape='(32, 6)'>
          [  -1.35682996e+01,   1.75503062e+00,  -2.43045161e+00,   3.66231729e-01,  -2.22157198e+00, 
              2.18645461e-01,  -6.88923486e+00,   2.38492648e+00,   1.13125112e+01,  -2.68802331e-01, 
              3.01174983e+00,  -9.69596902e-01,  -4.64223211e+00,  -6.07163433e-01,  -5.08535892e+00, 
              2.60781615e+00,  -1.14965277e+00,   9.40531231e-01,   3.94446846e+00,   8.73655080e+00, 
              3.61770084e+00,   1.54502855e+00,  -3.16772691e+00,  -9.35998663e-01,  -1.24375815e+01, 
              4.50232156e+00,  -6.23021371e-01,  -1.00551959e+00,   1.75753474e+00,  -1.43438757e-01, 
             -4.72435910e+00,  -4.13983984e+00,  -8.84558104e-01,   3.74442219e+00,  -1.90748200e+00, 
              4.09761211e-01,   7.81193414e-01,   8.42638776e+00,  -6.07037733e-01,  -2.22772569e+00, 
             -2.16359262e-01,  -6.87533639e-01,  -1.04092463e+01,  -9.78192601e-02,  -2.13855036e-01, 
              3.42969839e+00,  -8.38335342e-01,   1.24389421e+00,   7.54413055e-01,  -1.42231299e+00, 
              6.08623622e+00,   1.38950535e+00,  -1.40873689e+00,  -1.63122910e+00,   4.20581376e-01, 
              3.50812798e+00,  -1.49967165e+01,   1.06218233e+00,  -1.18122549e+00,  -1.24862002e+00, 
             -1.00168940e+01,   9.58604401e+00,   3.81482890e+00,   9.11355376e-01,  -7.10671165e-01, 
              7.34409405e-01,  -6.75930806e+00,   2.58973821e-01,  -1.81313388e+00,   1.06528115e+00, 
              1.01870878e-01,  -3.05208813e-01,   9.25158472e-01,  -3.04389523e+00,   1.81518433e+00, 
             -1.17171233e-01,  -1.83968130e+00,   6.40543811e-01,  -3.39173074e+00,   3.97806529e+00, 
             -1.46462886e+00,   1.89101351e+00,  -1.29282916e+00,  -1.43555855e+00,  -1.33091032e+01, 
              3.92524264e+00,  -4.57830745e+00,   7.87125165e-01,   5.76635594e-01,   1.93546504e+00, 
             -2.54402931e+00,   3.02369064e+00,   3.07525396e+00,  -1.07549005e-01,  -4.52942658e-01, 
             -2.15822284e+00,  -1.04954543e+01,   1.19906022e+00,   4.54038977e-01,   2.44973543e+00, 
             -2.33205591e+00,   2.83001312e+00,   3.04529599e+00,   4.28232313e+00,   2.53921012e+00, 
             -8.83401459e-03,   1.99027000e-01,  -2.89915146e+00,  -5.39463896e+00,   2.27132223e-01, 
             -1.77436732e+00,   1.19733021e+00,   1.12516816e-01,  -3.27980598e-01,  -7.11041184e+00, 
              8.57632734e+00,   3.27149654e+00,   2.18426718e+00,  -1.22235255e+00,   1.90606169e+00, 
             -4.74596925e+00,  -6.76113801e+00,  -3.02891131e+00,  -7.57461414e-01,  -9.59280358e-01, 
             -7.20138766e-01,  -1.53822587e+00,   7.82503628e+00,  -2.45112740e+00,   1.71388560e+00, 
             -2.38516182e+00,  -4.97063178e-01,  -1.04642801e+01,   9.82245424e-01,   2.42166486e-01, 
              2.13560222e+00,  -8.22407742e-02,   5.81651259e-01,  -6.32626560e+00,   2.26385207e+00, 
              1.22596528e-01,   4.20363202e-02,  -6.27854303e-01,  -1.55576904e+00,  -8.48428751e+00, 
              9.53069674e-01,   2.89372786e+00,  -4.06975472e-01,  -1.74219452e+00,  -4.89952400e-01, 
              5.38440501e+00,   2.56568661e+00,  -6.93005226e+00,   2.39491509e+00,  -1.30741935e+00, 
              4.68453676e-01,  -1.11884742e+01,  -2.18017805e-01,   3.58696308e+00,   2.10312319e+00, 
             -2.87752870e-01,   4.29891823e-01,  -7.02696341e+00,  -1.10638687e+00,  -7.10567112e+00, 
             -2.51442881e-01,  -2.55661989e+00,   6.24183063e-02,   2.63959908e+00,   7.34833099e+00, 
              1.17850069e+00,   1.73441029e+00,   3.21174996e-01,  -1.12238334e+00,  -8.17487253e+00, 
              6.41476193e+00,   1.90818242e+00,   1.63159893e-01,  -1.27715319e-01,   1.65836028e-01, 
             -1.98092780e+00,   3.56811892e+00,   4.27160588e+00,   1.95088396e+00,   2.10509492e-01, 
             -1.53526691e+00,  -2.23371991e+00,  -3.80956848e+00,  -7.46221403e+00,   1.41316902e+00, 
             -3.47842940e+00,   1.86683456e+00 ]
         </p>
         <m shape='(2)'> [   2.91651223e+04,   1.83736223e+03 ] </m>
         <names shape='(2)'> [ O, H ] </names>
      </beads>
      <normal_modes>
         <frequencies shape='(1)' style='pa-cmd'> [   5.92323589e-02 ] </frequencies>
      </normal_modes>
      <cell shape='(3, 3)'>
       [   1.88972610e+02,   1.15712351e-14,   1.15712351e-14,   0.00000000e+00,   1.88972610e+02, 
           1.15712351e-14,   0.00000000e+00,   0.00000000e+00,   1.88972610e+02 ]
      </cell>
   </system>
</simulation>
