0.00000000    -71.7023516    -19.0879327     2.79641372     74.2522479
0.00400000000    -73.8992281    -25.9675130     2.24795672     78.3610934
0.00800000000    -81.0874883    -31.9449198    -4.42547265     87.2653624
0.0120000000    -81.2602995    -34.8035551    -5.25768473     88.5560103
0.0160000000    -84.9575071    -37.9423404    -6.62450803     93.2806695
0.0200000000    -84.5476989    -35.7299472    -4.99175158     91.9231206
0.0240000000    -84.3245554    -36.0234903    -7.94643163     92.0405795
0.0280000000    -85.9415066    -34.5790991    -7.09986301     92.9089054
0.0320000000    -83.0008075    -31.9854258    -9.42451925     89.4484380
0.0360000000    -85.9304690    -28.1185812    -8.19077940     90.7842992
0.0400000000    -81.5645154    -22.7398469    -9.51087924     85.2075562
0.0440000000    -82.5494258    -19.1621135    -13.1395090     85.7568713
0.0480000000    -78.5890181    -18.6325567    -13.5456233     81.8956033
0.0520000000    -75.3586719    -18.6187887    -20.5361844     80.2952278
0.0560000000    -72.0630563    -19.7970889    -15.7474447     76.3740193
0.0600000000    -68.5439402    -18.0779410    -21.6401494     74.1173378
0.0640000000    -70.7561867    -20.3342651    -18.9949524     76.0311023
0.0680000000    -67.9721216    -21.8301972    -24.6820842     75.5378852
0.0720000000    -71.7659732    -23.3432992    -25.8781033     79.7805788
0.0760000000    -71.2107662    -24.3576583    -22.2929351     78.4935901
0.0800000000    -74.1023794    -20.6860495    -23.5922657     80.4715495
0.0840000000    -73.9371448    -21.8010273    -20.0223659     79.6422081
0.0880000000    -72.7713336    -18.7386168    -24.6251752     79.0771901
0.0920000000    -74.9754346    -18.3619214    -20.8650351     79.9614009
0.0960000000    -69.6776454    -15.6870597    -20.8908707     74.4142902
0.100000000    -70.6395444    -15.2730769    -19.0335419     74.7361214
0.104000000    -66.3948278    -13.7289266    -18.4176116     70.2564232
0.108000000    -69.2565064    -12.3136098    -19.5319846     73.0040210
0.112000000    -68.7239754    -12.0975060    -16.4812463     71.7005295
0.116000000    -68.5975259    -7.42869113    -17.0156738     71.0657383
0.120000000    -70.1445313    -9.14687232    -16.3351562     72.5999853
0.124000000    -69.6462040    -7.52460772    -18.7783438     72.5247520
0.128000000    -72.7657371    -11.4272956    -22.0783424     76.8953106
0.132000000    -70.7237715    -12.1853836    -24.8426397     75.9440069
0.136000000    -72.3557214    -11.6035831    -28.0943474     78.4811182
0.140000000    -72.3120853    -11.7551873    -28.4106822     78.5772803
0.144000000    -74.1470274    -9.79875958    -27.4834348     79.6814693
0.148000000    -75.9590283    -11.8506323    -25.7402113     81.0726214
0.152000000    -77.0988181    -7.44306173    -21.9630987     80.5108976
0.156000000    -78.8500182    -5.68813544    -18.6091464     81.2156425
0.160000000    -79.4536403    -1.00993927    -13.5944641     80.6145792
0.164000000    -81.1241120    -1.48917924    -12.4872476     82.0930604
0.168000000    -81.0946370    -5.48414816    -10.9553732     82.0148537
0.172000000    -79.5070182    -4.43745354    -11.6729896     80.4817720
0.176000000    -77.7024692    -6.25790839    -11.8378086     78.8477574
0.180000000    -78.7734689    -5.38460617    -11.6600179     79.8135916
0.184000000    -80.1620012    -10.9718610    -12.9071500     81.9324276
0.188000000    -83.2556051    -11.7495507    -12.6926427     85.0332341
0.192000000    -81.8974383    -10.9604140    -15.4802754     84.0652128
0.196000000    -81.4619227    -8.93545628    -17.0975265     83.7150682
0.200000000    -81.1496719    -7.48128166    -19.9865759     83.9088914
0.204000000    -80.4941180    -8.58665337    -22.4641286     84.0099442
0.208000000    -80.7729133    -9.71612728    -24.6915842     85.0196505
0.212000000    -79.2218351    -9.72841956    -25.6934326     83.8504251
0.216000000    -79.5993190    -6.34964321    -25.8233686     83.9238698
0.220000000    -79.3300907    -2.90907960    -25.7955524     83.4693749
0.224000000    -78.6147275     3.19364279    -26.7580256     83.1051543
0.228000000    -78.5105190     5.46984498    -30.2852276     84.3268392
0.232000000    -78.2240763     11.2169014    -28.8404312     84.1225027
0.236000000    -79.5287619     14.0360252    -28.8015800     85.7401013
0.240000000    -81.1451276     18.4406477    -26.6651402     87.3820286
0.244000000    -80.4255294     15.7179527    -27.1511862     86.3279024
0.248000000    -84.6000209     13.4600516    -25.5917941     89.4051254
0.252000000    -82.7039735     9.39097728    -23.8193571     86.5765526
0.256000000    -85.8844505     5.57628570    -22.0268945     88.8392812
0.260000000    -82.0530856     7.41622843    -19.5451058     84.6742019
0.264000000    -79.8024728     2.58826826    -18.7122947     82.0078275
0.268000000    -76.8097826     5.27274194    -14.8838335     78.4160252
0.272000000    -71.3833136     5.17297565    -15.3560027     73.1993440
0.276000000    -71.5971660     11.4077230    -10.8908890     73.3137216
0.280000000    -67.4628174     13.9495762    -13.2158984     70.1461501
0.284000000    -70.1683127     14.6931825    -11.9923301     72.6862965
0.288000000    -67.8135491     14.5320679    -14.6575615     70.8851363
0.292000000    -71.0884376     12.0170962    -16.0939440     73.8714531
0.296000000    -70.2918480     13.6288524    -15.1681000     73.1898953
0.300000000    -71.4572740     8.16482730    -18.0564482     74.1541754
0.304000000    -71.7359317     5.35129600    -19.8277695     74.6178311
0.308000000    -69.8803216    -1.42533256    -26.4494485     74.7319493
0.312000000    -69.9948685    -2.68739752    -27.2162399     75.1480368
0.316000000    -66.3346932    -1.75091422    -26.0827042     71.2998225
0.320000000    -67.8165157    -1.24832678    -23.9459082     71.9308323
0.324000000    -63.7832148   -0.763303150    -25.4789501     68.6881214
0.328000000    -64.4318003   -0.386587239    -28.4012729     70.4147615
0.332000000    -60.1950015     2.05398088    -30.1179810     67.3405511
0.336000000    -63.5023241     4.20381451    -28.2835530     69.6432092
0.340000000    -66.6272346     3.09621487    -28.8522139     72.6720385
0.344000000    -69.3790433     2.32454387    -27.5991096     74.7031860
0.348000000    -71.6084099   -0.168170960    -30.4227534     77.8031913
0.352000000    -71.3463992    -1.22319322    -30.1001880     77.4456339
0.356000000    -73.8935642    -1.34756011    -30.3232860     79.8847696
0.360000000    -74.2368607    -5.56802134    -30.7680915     80.5530248
0.364000000    -78.5079510    -9.81486610    -29.5153164     84.4451531
0.368000000    -77.7847457    -16.9115895    -31.5221063     85.6160716
0.372000000    -78.1430236    -16.3231524    -28.5900706     84.7948676
0.376000000    -76.3306472    -15.2244094    -30.6623182     83.6560105
0.380000000    -77.6630738    -8.99297857    -29.6985081     83.6326974
0.384000000    -79.7296362    -9.16250468    -33.0657019     86.7992340
0.388000000    -80.1330935    -8.03128372    -32.1281339     86.7065809
0.392000000    -79.5487089    -6.90451393    -33.5092786     86.5941173
0.396000000    -78.4796774    -7.87508653    -33.2551758     85.5978006
0.400000000    -80.6549270    -4.82873506    -32.1318562     86.9539540
0.404000000    -84.8804321    -11.4544602    -33.9752044     92.1423189
0.408000000    -87.1523198    -7.13658722    -28.7514458     92.0494615
0.412000000    -89.6656093    -9.78771219    -28.7641349     94.6736302
0.416000000    -92.9022021    -5.61759137    -21.4038581     95.5013174
0.420000000    -92.1010333    -6.44069108    -21.3146011     94.7543934
0.424000000    -94.2104175    -9.11322385    -18.4047288     96.4229623
0.428000000    -88.8328451    -8.21764924    -18.4598267     91.1019721
0.432000000    -83.4834872    -13.2084894    -17.5632602     86.3274287
0.436000000    -73.9064669    -9.57507229    -13.0124981     75.6516554
0.440000000    -66.8571865    -15.2144355    -12.4112569     69.6807128
0.444000000    -62.5544463    -14.2725226    -7.34313774     64.5808433
0.448000000    -60.4889599    -17.5025723    -8.12159209     63.4918465
0.452000000    -60.6349521    -14.0588280    -4.60050085     62.4132411
0.456000000    -58.6423503    -9.15667485    -4.34391230     59.5116755
0.460000000    -60.5363253    -7.43778891    -3.76231311     61.1074659
0.464000000    -60.4867087    -3.71197172    -4.17322898     60.7440244
0.468000000    -64.5685464    -4.66233956    -6.92228225     65.1057032
0.472000000    -64.1819387    -1.11906822    -7.86626212     64.6718768
0.476000000    -67.6610920    -4.14279819    -13.1713810     69.0555677
0.480000000    -66.8145917    -4.37715518    -14.7309212     68.5590927
0.484000000    -68.0637737    -8.88712990    -21.7055683     71.9915971
0.488000000    -69.9968393    -12.2527566    -22.9598969     74.6782728
0.492000000    -68.8172890    -11.4711727    -24.7191276     74.0165004
0.496000000    -69.9963233    -12.9392498    -23.6430036     75.0060069
0.500000000    -65.7466639    -11.2633633    -24.0126308     70.8949477
0.504000000    -66.7401883    -12.5384186    -26.5043604     72.8968161
0.508000000    -61.3505010    -11.1785925    -25.7630866     67.4728207
0.512000000    -59.9309576    -7.77501318    -26.7972565     66.1079682
0.516000000    -54.3344602    -5.77591082    -21.0587105     58.5582103
0.520000000    -54.6531156    -3.58829459    -23.0065344     59.4065613
0.524000000    -54.3082757    -4.91248120    -20.5111641     58.2600131
0.528000000    -56.2534681    -4.19031742    -22.0575312     60.5685242
0.532000000    -60.4913943    -5.12953230    -19.1748756     63.6647213
0.536000000    -63.1998454    -5.63890588    -17.5831853     65.8421303
0.540000000    -69.6480256    -7.62714895    -18.7826080     72.5383156
0.544000000    -72.2886266    -11.2500923    -17.2303876     75.1604708
0.548000000    -77.8149152    -10.8358239    -18.8106712     80.7862455
0.552000000    -78.6649003    -11.5688215    -16.0642326     81.1175921
0.556000000    -78.8348846    -11.7164285    -18.5007076     81.8198625
0.560000000    -78.1142732    -13.5490504    -18.0413709     81.3074874
0.564000000    -74.9418740    -14.4942536    -20.4811190     79.0306529
0.568000000    -72.5710601    -15.5183934    -20.1672555     76.9031696
0.572000000    -70.2447744    -12.7514290    -19.0589920     73.8929797
0.576000000    -67.9766179    -12.3078182    -17.2536977     71.2038837
0.580000000    -70.1950640    -9.25223006    -18.7091842     73.2323996
0.584000000    -70.5862224    -12.2467218    -22.1804329     74.9957905
0.588000000    -74.1723505    -12.8496366    -22.8295736     78.6628258
0.592000000    -76.4721068    -13.8577737    -23.2408858     81.1181841
0.596000000    -78.0999916    -15.0222583    -22.1815826     82.5669397
0.600000000    -79.5534876    -13.7660453    -23.9570509     84.2152105
0.604000000    -77.7787801    -13.7406770    -23.9206798     82.5260187
0.608000000    -79.3674123    -13.6746038    -24.5927919     84.2079945
0.612000000    -76.3556288    -16.8468202    -22.2505337     81.2962708
0.616000000    -80.2070094    -16.9444526    -22.0731233     84.8970058
0.620000000    -78.5442244    -20.2800856    -19.6692580     83.4706940
0.624000000    -82.3314654    -17.9695437    -20.7879224     86.7958088
0.628000000    -79.7209739    -18.8544851    -18.8124142     84.0525563
0.632000000    -80.8572267    -15.9387600    -16.9576514     84.1397476
0.636000000    -79.2959594    -14.9472557    -13.8386657     81.8704971
0.640000000    -76.9319002    -15.9124118    -12.7385217     79.5863811
0.644000000    -74.7115016    -14.1196090    -16.9412333     77.8985058
0.648000000    -68.9867278    -17.9368839    -19.5128231     73.9029815
0.652000000    -69.8352581    -15.1541965    -21.3125703     74.5710306
0.656000000    -65.7965308    -16.2765143    -18.1436929     70.1662453
0.660000000    -69.5096300    -14.3260506    -21.3983883     74.1263476
0.664000000    -69.1931160    -14.8455377    -21.5954001     73.9894492
0.668000000    -75.0300836    -14.9812307    -24.1398549     80.2289431
0.672000000    -77.7464261    -12.8941931    -19.9122897     81.2850925
0.676000000    -80.1838070    -14.6424729    -18.3717058     83.5545599
0.680000000    -82.3613142    -13.9274454    -16.5481680     85.1539880
0.684000000    -82.5750106    -16.5650568    -12.4915530     85.1414844
0.688000000    -85.6031813    -16.5737813    -11.9231227     88.0042938
0.692000000    -83.9354694    -16.1468399    -7.67705221     85.8185329
0.696000000    -89.0254959    -14.8898290    -10.6585526     90.8892220
0.700000000    -88.3254960    -10.0821794    -7.47417269     89.2127056
0.704000000    -91.6056584    -9.94058639    -9.42810232     92.6245163
0.708000000    -92.2519499    -6.80053477    -7.28594376     92.7887628
0.712000000    -92.8063796    -4.48643751    -7.61788475     93.2265219
0.716000000    -94.3822922   -0.703419319    -7.66730956     94.6958263
0.720000000    -92.4949167     3.29237003    -6.03944777     92.7503328
0.724000000    -93.3673260     1.42468015    -9.47352599     93.8575249
0.728000000    -90.9643756     3.11941162    -6.46599600     91.2472326
0.732000000    -90.2280430     3.56902546    -9.11928966     90.7579150
0.736000000    -89.5477229     7.37607049    -4.18639449     89.9484685
0.740000000    -93.4256526     11.9122669    -3.41195872     94.2438122
0.744000000    -95.5563414     11.3793624   -0.848655350     96.2352559
0.748000000    -98.7040324     10.6456072    0.992825550     99.2814216
0.752000000    -102.539335     6.39321764     1.16361765     102.745037
0.756000000    -105.290232     5.60753468     4.43830112     105.532819
0.760000000    -108.477396     3.32981878     3.05730358     108.571544
0.764000000    -106.302904     1.41388962     3.15450726     106.359097
0.768000000    -104.337395     1.37144779   -0.683146070     104.348644
0.772000000    -100.891831   -0.900331573    -2.22567885     100.920393
0.776000000    -96.2795740   -0.203843500    -3.14615859     96.3311800
0.780000000    -92.2009494    -2.67295018    -7.39385187     92.5355541
0.784000000    -88.3214182    -4.24793649    -7.20464183     88.7165415
0.788000000    -87.3927909    -5.49360984    -11.2580907     88.2860365
0.792000000    -87.7926269    -7.71565558    -7.86510294     88.4812778
0.796000000    -88.7357374    -5.56410322    -7.00332849     89.1854077
0.800000000    -91.2234354    -7.12437881    -5.50462141     91.6666394
0.804000000    -90.7032059    -7.27930282    -3.76806248     91.0728176
0.808000000    -92.6154324    -7.99870554    -2.35159888     92.9899329
0.812000000    -92.9044396    -7.19773615    0.713397919     93.1855742
0.816000000    -95.1635509    -5.34180920    0.960851400     95.3182017
0.820000000    -96.2520803    -5.12210155     2.18270193     96.4129819
0.824000000    -92.7209347    -3.82454602     2.00544451     92.8214452
0.828000000    -89.7601939    -3.29602187    0.664259680     89.8231452
0.832000000    -86.1192186   -0.314730696    0.124031093     86.1198830
0.836000000    -86.1897601     1.11309664    -2.81856114     86.2430172
0.840000000    -85.2407126   -0.324900420    -3.01409378     85.2946036
0.844000000    -85.0167418  -0.0236838000    -6.53836245     85.2677966
0.848000000    -86.1506964   -0.428207650    -8.70538181     86.5904701
0.852000000    -87.6392667     2.04997299    -8.03257132     88.0304814
0.856000000    -89.0958013   -0.706089690    -5.32010880     89.2572907
0.860000000    -93.0155659    -6.49779085    -2.42748713     93.2738414
0.864000000    -96.6461257    -10.2629375   -0.444296064     97.1905288
0.868000000    -98.9955915    -16.2580686     3.10935524     100.369916
0.872000000    -99.0361924    -16.7757095     6.64615644     100.666594
0.876000000    -96.5152152    -18.6287205     9.24395860     98.7302728
0.880000000    -93.6124768    -15.2899448     7.95340571     95.1857914
0.884000000    -89.5462349    -15.9421538     7.20071826     91.2388667
0.888000000    -88.7879090    -15.4838392     5.78266116     90.3132396
0.892000000    -90.6799431    -14.4737648     6.49804225     92.0574088
0.896000000    -92.4416160    -15.0441294     7.30521960     93.9422399
0.900000000    -96.5623079    -14.9492778     8.87592738     98.1149443
0.904000000    -100.257502    -19.0315834     7.97096344     102.358703
0.908000000    -105.809233    -20.2645081     7.71718928     108.008329
0.912000000    -109.363636    -23.2756344     8.21134296     112.114166
0.916000000    -107.603074    -23.7428845     7.60499701     110.453529
0.920000000    -110.729374    -26.5269425     8.60716263     114.187373
0.924000000    -110.636248    -29.5864063     4.77337817     114.623384
0.928000000    -114.104244    -32.8483812     5.31923243     118.857431
0.932000000    -114.721279    -34.9330733     2.29646536     119.944009
0.936000000    -113.399788    -35.0813530     4.57640827     118.790390
0.940000000    -114.532961    -35.4688767     1.17145018     119.905015
0.944000000    -111.576659    -34.9876804     2.12370842     116.952977
0.948000000    -113.971193    -36.9837136   -0.425466180     119.822405
0.952000000    -112.091108    -33.7001504  -0.0114802470     117.047498
0.956000000    -110.976080    -35.2346880   -0.131710950     116.435351
0.960000000    -108.036604    -32.0563115    -5.28162381     112.815825
0.964000000    -106.870129    -29.0760395    -5.71078712     110.902000
0.968000000    -109.329060    -25.6091129    -12.3672277     112.967333
0.972000000    -111.964120    -21.1092681    -7.54012997     114.185897
0.976000000    -113.814297    -23.3771469    -10.0487478     116.624022
0.980000000    -115.425713    -22.4107706    -7.22981059     117.803260
0.984000000    -117.075012    -24.5728592    -8.02261555     119.894730
0.988000000    -117.936548    -23.2806476    -6.47767778     120.386786
0.992000000    -120.241265    -23.7931749   -0.628278001     122.574352
0.996000000    -117.605559    -25.6577709   -0.145130920     120.371964
1.00000000    -119.368304    -25.9016683     4.66218090     122.235119
1.00400000    -118.284872    -26.2365682     3.22785525     121.202671
1.00800000    -120.812810    -26.1488516     5.01919974     123.712125
1.01200000    -121.370041    -24.7490301     6.21350266     124.023421
1.01600000    -121.429736    -25.6730365     8.60483954     124.411932
1.02000000    -120.841346    -25.0046247     10.5399688     123.850527
1.02400000    -121.950366    -25.1349076     12.5905359     125.148619
1.02800000    -121.331027    -23.3322935     14.8737493     124.446143
1.03200000    -121.154696    -20.3167540     19.7829902     124.429087
1.03600000    -120.857499    -18.9928683     23.5822716     124.592888
1.04000000    -121.817979    -14.7901526     24.8129169     125.196044
1.04400000    -122.455004    -12.2005023     22.5562044     125.111401
1.04800000    -120.428318    -7.89375050     16.7379685     121.841908
1.05200000    -121.429117    -9.43711700     15.0426926     122.720708
1.05600000    -117.714557    -13.2636697     9.09122289     118.807795
1.06000000    -121.837311    -13.6140136     7.36724014     122.816725
1.06400000    -118.652518    -17.1507461     1.55230346     119.895696
1.06800000    -122.210443    -16.7467451    -1.37274183     123.360165
1.07200000    -118.827789    -20.7586157    -3.43344927     120.676228
1.07600000    -116.620928    -19.4843290    -6.44688091     118.413015
1.08000000    -116.856907    -19.4139646    -7.38856778     118.688794
1.08400000    -113.588501    -15.5476626    -8.57114052     114.967568
1.08800000    -116.518105    -8.80805088    -9.66305573     117.249414
1.09200000    -111.867322    -4.00185228    -6.13525797     112.106886
1.09600000    -114.264572     1.19330300    -4.55326667     114.361482
1.10000000    -115.937353     2.54421383   -0.804482190     115.968057
1.10400000    -117.994854     5.39413840    0.313561580     118.118502
1.10800000    -120.864998     6.82864024    -1.68588967     121.069485
1.11200000    -117.510210     5.35620587     1.09396768     117.637303
1.11600000    -118.070463     3.84535620    -1.85443258     118.147619
1.12000000    -114.253686   -0.240540880     2.34582580     114.278018
1.12400000    -113.213769  -0.0670410430    0.839747380     113.216903
1.12800000    -108.687521    0.328332760     1.99840726     108.706387
1.13200000    -104.699693    -1.85619374     1.13993397     104.722350
1.13600000    -104.570196    -3.13574277    -3.00070328     104.660227
1.14000000    -105.206483    -4.40860770    -2.95329848     105.340220
1.14400000    -108.927525    -4.67149709    -3.35365294     109.079217
1.14800000    -108.077010    -4.44602336    -1.39756281     108.177449
1.15200000    -112.182170    -7.65057717    0.347293030     112.443280
1.15600000    -113.989408    -8.40713922     1.09281738     114.304240
1.16000000    -116.184964    -11.9556706     2.89810874     116.834425
1.16400000    -118.140016    -10.6743473     5.86021600     118.765934
1.16800000    -118.678974    -9.43391191     8.39262292     119.348790
1.17200000    -119.743123    -9.57947578     13.0425256     120.831657
1.17600000    -117.077860    -11.1056990     14.4872807     118.492376
1.18000000    -118.806832    -12.6203999     19.6567181     121.081478
1.18400000    -118.728635    -10.0929799     19.4200766     120.729020
1.18800000    -118.464817    -9.87549696     23.0458745     121.089020
1.19200000    -117.568350    -8.04101946     23.6369115     120.190176
1.19600000    -116.094411    -7.75816277     25.7503055     119.168702
1.20000000    -119.028269    -6.63436879     25.1541442     121.837903
1.20400000    -120.662463    -6.75713429     21.8243224     122.806311
1.20800000    -125.010387    -6.86108087     21.5390986     127.037806
1.21200000    -125.516831    -8.55531034     15.9180778     126.811093
1.21600000    -127.180712    -8.47600118     18.2180527     128.758198
1.22000000    -126.925351    -10.6393188     12.8227933     128.014311
1.22400000    -125.128321    -6.80260209     12.6836080     125.953348
1.22800000    -123.018891    -7.50487287     9.05575810     123.579842
1.23200000    -120.222069    -7.18670148     4.89189268     120.535991
1.23600000    -117.495108    -8.88695979     6.24531693     117.996112
1.24000000    -114.480793    -13.0475536     1.72220750     115.234790
1.24400000    -111.244312    -13.5262727     1.95358936     112.080656
1.24800000    -107.357417    -21.4532870    0.101026470     109.479992
1.25200000    -105.908953    -21.7624374    -1.46909142     108.131717
1.25600000    -104.749613    -27.1527577     2.52619136     108.241098
1.26000000    -104.651194    -25.9411102     3.36543021     107.870940
1.26400000    -100.298570    -22.6167521     10.0272776     103.304729
1.26800000    -99.1352703    -21.7439858     13.7026438     102.412720
1.27200000    -98.1409225    -17.2564454     15.4085373     100.830792
1.27600000    -102.151857    -21.0163126     17.4014948     105.733152
1.28000000    -105.696126    -16.6959193     14.0646105     107.927003
1.28400000    -107.327718    -16.7951848     17.3243910     110.006599
1.28800000    -111.674566    -12.9125522     11.7971396     113.035902
1.29200000    -111.587892    -13.5111221     11.9799585     113.039495
1.29600000    -117.723947    -17.2857252     7.76976835     119.239646
1.30000000    -117.407822    -19.8390032     7.40034150     119.301918
1.30400000    -119.607669    -22.9440384     6.87235185     121.982181
1.30800000    -115.718170    -23.1887496     3.60545902     118.073758
1.31200000    -113.194534    -25.0660609     4.26138629     116.014953
1.31600000    -111.633127    -26.7433945   -0.984808110     114.796054
1.32000000    -107.321746    -26.0458125    0.895626260     110.440679
1.32400000    -104.765980    -26.0183642   -0.938468390     107.952520
1.32800000    -99.2107832    -26.2334732     1.93076234     102.638699
1.33200000    -99.1992560    -27.8369851     1.87499310     103.048075
1.33600000    -99.0753049    -32.2318563     1.68444604     104.200029
1.34000000    -101.649762    -30.3874966     2.69640730     106.128906
1.34400000    -106.775567    -32.8475220     3.23900086     111.760782
1.34800000    -110.989568    -29.6487753     8.15502167     115.170476
1.35200000    -118.775040    -32.9483146     10.2170659     123.683022
1.35600000    -121.550085    -32.9773768     13.5437146     126.670291
1.36000000    -125.375996    -30.3833074     12.5545622     129.614439
1.36400000    -124.105843    -29.7664682     11.7408129     128.164541
1.36800000    -120.780110    -25.1501956     11.2186879     123.879887
1.37200000    -119.946699    -29.2943947     9.05905853     123.804034
1.37600000    -116.395426    -26.8038743     10.1273916     119.870376
1.38000000    -117.934006    -30.2746149     9.60498583     122.136144
1.38400000    -114.359886    -27.1054320     11.3652816     118.076490
1.38800000    -115.336327    -25.4017595     11.3351273     118.643174
1.39200000    -113.673354    -24.9255229     10.4345118     116.840884
1.39600000    -113.302284    -21.1613779     9.04939332     115.616188
1.40000000    -113.824140    -23.1236436     6.35660277     116.323016
1.40400000    -111.432409    -17.3408491     6.31513385     112.950289
1.40800000    -112.336323    -20.2371334     4.27841151     114.224760
1.41200000    -108.009170    -18.8687492     3.99405950     109.717651
1.41600000    -111.663160    -22.5355614     4.38084594     113.998704
1.42000000    -112.907872    -25.1976746     3.84148373     115.749157
1.42400000    -114.500975    -29.0058603     6.21519013     118.281198
1.42800000    -113.492153    -33.4841515     6.52695743     118.508474
1.43200000    -111.933771    -33.8332485     8.59502838     117.250724
1.43600000    -113.442347    -36.9051027     8.56100131     119.601185
1.44000000    -114.810493    -35.3978872     6.66369150     120.328153
1.44400000    -115.143915    -39.4590729     4.51051505     121.801003
1.44800000    -112.478598    -37.3772745     1.45700617     118.535305
1.45200000    -110.466882    -38.3311664    0.723371700     116.930465
1.45600000    -106.348673    -36.8429886   -0.401866842     112.550467
1.46000000    -105.436866    -36.0787889    0.842672480     111.442011
1.46400000    -103.938434    -37.7327271     1.34937344     110.583803
1.46800000    -104.623632    -35.0348285     5.22603465     110.457481
1.47200000    -104.883361    -36.8615623     7.40714534     111.418849
1.47600000    -107.693825    -32.5864347     9.02592106     112.877380
1.48000000    -109.600800    -33.7906262     9.74912491     115.105114
1.48400000    -112.195200    -33.4689157     7.06405597     117.293786
1.48800000    -112.611819    -33.9410546     8.26636330     117.905681
1.49200000    -113.971693    -33.8566518     1.90748178     118.909454
1.49600000    -114.842055    -32.8892594    0.579981001     119.460192
1.50000000    -114.020442    -33.9984782    -1.30483340     118.988488
1.50400000    -113.104894    -33.4020919   -0.344929520     117.934455
1.50800000    -107.104130    -33.0574233     1.58044219     112.100783
1.51200000    -106.881375    -31.7674779    0.202482100     111.502654
1.51600000    -102.803655    -33.1203574    0.931928367     108.011194
1.52000000    -102.364557    -33.8608206    -3.34752163     107.871515
1.52400000    -99.5277589    -36.2687137    -4.05991158     106.007911
1.52800000    -95.2992241    -36.9495351    -8.64555031     102.576585
1.53200000    -93.7150036    -38.9628825    -13.6193538     102.401635
1.53600000    -89.6673504    -37.6220961    -16.9464948     98.7058231
1.54000000    -93.3838835    -37.4107819    -21.5825363     102.887911
1.54400000    -93.0743436    -35.9037747    -20.0574861     101.755674
1.54800000    -97.8348258    -32.4660008    -19.7757829     104.960830
1.55200000    -98.7123899    -31.5156019    -17.0734446     105.018435
1.55600000    -99.0672127    -29.3431324    -14.4719578     104.330099
1.56000000    -100.864035    -33.3115328    -11.7071969     106.865665
1.56400000    -99.5916009    -35.1869033    -9.32411670     106.035580
1.56800000    -102.475261    -38.1311167    -8.96964563     109.706954
1.57200000    -98.5240527    -39.7912536    -11.3622580     106.861751
1.57600000    -98.0452062    -37.7644879    -13.3471053     105.911115
1.58000000    -95.3152851    -39.6243192    -14.8145121     104.281158
1.58400000    -98.1250610    -37.5990997    -12.9801975     105.880619
1.58800000    -98.4335715    -37.4003487    -10.4243110     105.814084
1.59200000    -99.7328421    -35.3879683    -6.50489837     106.024817
1.59600000    -100.360977    -33.1320532    -1.85223031     105.704728
1.60000000    -99.4138388    -33.7739979     2.87953099     105.033737
1.60400000    -100.879594    -31.1299119     4.78678439     105.681962
1.60800000    -97.9593639    -30.3999963     4.88337148     102.684196
1.61200000    -101.401079    -30.7384774     1.59327932     105.969672
1.61600000    -101.845273    -32.3315308    -2.15279260     106.875732
1.62000000    -107.031762    -36.0411030    -5.83003325     113.087349
1.62400000    -108.163362    -36.0617997    -10.0557364     114.459093
1.62800000    -109.663883    -35.4418428    -9.85261117     115.669207
1.63200000    -109.981909    -35.6243089    -11.2852895     116.157090
1.63600000    -109.795387    -34.0722527    -7.85116316     115.228409
1.64000000    -109.713637    -36.7590473    -7.40429515     115.944527
1.64400000    -108.935243    -33.9421508    -5.80843399     114.248390
1.64800000    -109.072579    -31.3849769    -5.83000054     113.647847
1.65200000    -107.071969    -29.2779963    -5.81761311     111.155082
1.65600000    -106.416853    -30.4229328    -5.57863468     110.820678
1.66000000    -106.462698    -34.4446101    -6.57544374     112.089133
1.66400000    -108.594444    -36.0104189    -7.33778119     114.644436
1.66800000    -109.774384    -37.8164859    -8.53351513     116.418740
1.67200000    -114.393502    -36.4705237    -9.54912158     120.445664
1.67600000    -115.053458    -38.9818819    -13.4066738     122.215483
1.68000000    -118.242482    -40.3309548    -15.4755322     125.886308
1.68400000    -117.135770    -44.0460529    -21.0767337     126.905760
1.68800000    -118.163860    -44.7446891    -20.3985815     127.987839
1.69200000    -117.889386    -46.2520396    -24.8512878     129.053265
1.69600000    -115.139837    -49.1718648    -23.9477765     127.469802
1.70000000    -111.954733    -52.1538442    -23.2367503     125.673515
1.70400000    -107.708199    -53.5998789    -22.5753417     122.407717
1.70800000    -106.157871    -51.5040949    -19.0434348     119.519111
1.71200000    -105.325915    -51.8013265    -21.8656019     119.394432
1.71600000    -107.168741    -48.2095293    -16.4299130     118.655972
1.72000000    -105.882931    -46.6781882    -19.2635890     117.307860
1.72400000    -107.321299    -41.2065007    -13.7296829     115.777118
1.72800000    -105.977053    -39.2781845    -15.0239936     114.015929
1.73200000    -107.147783    -37.4587139    -15.3759193     114.543536
1.73600000    -107.907157    -39.9735306    -14.2218512     115.948690
1.74000000    -105.455784    -43.2314488    -17.4055953     115.294559
1.74400000    -105.577517    -46.4537733    -13.8380004     116.172524
1.74800000    -103.033544    -48.2826710    -18.0240515     115.204140
1.75200000    -101.053392    -50.4787543    -15.1326311     113.968808
1.75600000    -99.6002098    -52.4209686    -18.6840463     114.093178
1.76000000    -96.4391126    -52.6961851    -20.2657786     111.750133
1.76400000    -96.9698015    -51.6958863    -22.1983270     112.108754
1.76800000    -98.7109462    -48.7415090    -24.3830389     112.756899
1.77200000    -100.712693    -47.1855893    -21.3019882     113.240015
1.77600000    -105.045967    -48.5397985    -23.7933539     118.139286
1.78000000    -104.562991    -52.1137155    -20.6212999     118.635983
1.78400000    -106.508819    -52.4597567    -24.1080354     121.150122
1.78800000    -102.943755    -53.6920111    -22.9575488     118.352431
1.79200000    -101.573196    -52.6083815    -25.1547239     117.121800
1.79600000    -100.311950    -56.9215400    -24.6619472     117.943888
1.80000000    -97.0015828    -58.7470884    -24.2492141     115.967891
1.80400000    -96.9482750    -58.8429690    -27.3833491     116.667523
1.80800000    -93.8167758    -57.5848186    -24.3298703     112.736602
1.81200000    -96.2329932    -52.8148776    -26.6216722     112.955362
1.81600000    -97.3724367    -54.4187656    -24.3287720     114.169535
1.82000000    -100.623112    -50.3797967    -29.7034368     116.384831
1.82400000    -102.504645    -52.3579177    -34.4418533     120.144892
1.82800000    -101.283416    -48.9441992    -40.1161755     119.428524
1.83200000    -100.796428    -48.3754530    -43.7928028     120.074618
1.83600000    -96.4283983    -51.8395926    -44.2451636     118.082233
1.84000000    -94.6651243    -53.5530533    -44.0912214     117.360347
1.84400000    -92.6325443    -58.6854345    -40.4555591     116.882081
1.84800000    -92.2119980    -55.2824032    -38.9995416     114.368531
1.85200000    -90.9132563    -53.9616460    -35.1880909     111.423881
1.85600000    -92.4499938    -50.3343005    -34.4409339     110.755231
1.86000000    -92.3728425    -49.2170768    -31.9346838     109.429825
1.86400000    -93.3415500    -46.9159938    -32.3303256     109.357238
1.86800000    -94.5063756    -41.0179102    -33.6473629     108.379283
1.87200000    -96.4855467    -40.6701870    -34.3982504     110.212361
1.87600000    -97.2653227    -38.8027809    -36.1645718     110.788425
1.88000000    -95.0520179    -40.0272691    -33.8425271     108.546695
1.88400000    -93.9254386    -42.4538146    -35.6123482     109.052986
1.88800000    -89.1226468    -42.1869422    -36.6612827     105.198070
1.89200000    -88.2503420    -47.3059694    -39.9727459     107.813719
1.89600000    -84.8885768    -45.3018256    -42.3919608     105.144682
1.90000000    -84.8330223    -48.6117965    -45.1214105     107.683286
1.90400000    -87.1889038    -47.5553405    -47.6353692     110.147827
1.90800000    -86.0430112    -47.4409634    -44.9655779     108.055301
1.91200000    -87.7818290    -47.7859777    -41.7828185     108.327988
1.91600000    -84.9846237    -44.0807919    -35.8145459     102.216360
1.92000000    -84.7918155    -47.3535302    -31.5600062     102.117789
1.92400000    -82.5116136    -45.4096682    -28.8668134     98.5063310
1.92800000    -82.1058241    -47.0812517    -27.0235460     98.4290742
1.93200000    -81.7929810    -44.8946149    -26.5371540     97.0043233
1.93600000    -82.3656405    -45.0503217    -25.9508800     97.4016345
1.94000000    -87.3358880    -46.3366163    -24.5993247     101.881137
1.94400000    -89.5929810    -46.4787479    -26.5700499     104.370225
1.94800000    -95.0623712    -46.3090411    -27.5293789     109.266868
1.95200000    -96.9535419    -42.6926983    -29.7640334     110.038872
1.95600000    -100.762022    -41.9448958    -28.4180134     112.782724
1.96000000    -102.907591    -38.3071777    -27.2892977     113.146445
1.96400000    -103.710921    -39.2437494    -25.8973913     113.871427
1.96800000    -103.447882    -40.1687310    -22.7972405     113.290359
1.97200000    -102.673441    -42.6147126    -21.8104251     113.285233
1.97600000    -105.442013    -44.9814571    -18.4595475     116.112465
1.98000000    -109.043581    -44.7846455    -18.5905767     119.338915
1.98400000    -113.429594    -46.2434857    -18.8582152     123.936940
1.98800000    -114.913915    -45.8461045    -22.0897478     125.678280
1.99200000    -115.321371    -41.4766209    -25.9909309     125.279117
1.99600000    -112.603461    -38.3969323    -28.0979154     122.243023
2.00000000    -111.875516    -35.2395998    -31.5080585     121.452534
2.00400000    -111.206725    -36.5985745    -29.6874037     120.779689
2.00800000    -111.227477    -37.3341828    -31.5641882     121.497699
2.01200000    -110.381951    -36.7351125    -27.3971716     119.516730
2.01600000    -111.057584    -39.3114949    -24.0295015     120.235592
2.02000000    -112.783666    -40.4646934    -22.2326656     121.868118
2.02400000    -115.692821    -43.5603085    -19.6275386     125.170162
2.02800000    -116.962834    -44.4055362    -21.1549151     126.884540
2.03200000    -119.079678    -43.1707981    -18.9247194     128.069640
2.03600000    -121.597590    -43.4797238    -22.0888924     131.012898
2.04000000    -124.800213    -41.5542692    -22.1521452     133.388785
2.04400000    -126.749828    -42.1197157    -23.6125356     135.636062
2.04800000    -124.625746    -40.1062656    -25.6900830     133.416901
2.05200000    -123.501367    -36.2754473    -21.8958093     130.567692
2.05600000    -117.333366    -35.1169086    -20.0220930     124.101573
2.06000000    -117.448921    -32.3836833    -13.9547152     122.628243
2.06400000    -112.811427    -33.8360080    -13.0553422     118.497829
2.06800000    -115.277517    -30.6729821    -13.3703898     120.035433
2.07200000    -113.618429    -29.2929051    -15.4945088     118.352446
2.07600000    -113.478222    -26.8721098    -18.9271705     118.142519
2.08000000    -114.985808    -28.3627146    -20.3350620     120.165279
2.08400000    -112.209733    -33.1852886    -25.4563784     119.751053
2.08800000    -112.504874    -36.1306631    -24.4209633     120.661323
2.09200000    -106.245323    -37.1752592    -30.7184706     116.677731
2.09600000    -106.212258    -34.5530855    -28.4136412     115.248838
2.10000000    -102.201540    -36.0119918    -33.8335642     113.519727
2.10400000    -102.756013    -34.3808580    -33.9609958     113.552591
2.10800000    -101.355355    -32.3967440    -34.4930957     111.858083
2.11200000    -101.640826    -26.1570545    -36.6973318     111.183376
2.11600000    -100.396821    -20.9364925    -33.5382978     107.901231
2.12000000    -100.836259    -19.1862384    -36.7885890     109.038815
2.12400000    -104.313486    -15.2533356    -32.9731147     110.459015
2.12800000    -107.009013    -17.2310169    -35.1980823     113.959387
2.13200000    -109.097206    -15.2098862    -29.9379534     114.148246
2.13600000    -108.027271    -18.4612001    -27.9265039     113.095520
2.14000000    -110.795328    -19.2659325    -26.8182767     115.611421
2.14400000    -112.259263    -23.2440320    -27.1302213     117.806944
2.14800000    -115.989928    -25.9947941    -30.8496505     122.805105
2.15200000    -114.503914    -22.6261780    -30.6075724     120.664467
2.15600000    -116.937408    -21.2331368    -37.2178437     124.540641
2.16000000    -115.860891    -17.1357242    -39.9211174     123.737927
2.16400000    -120.568501    -18.1954630    -45.2922511     130.073926
2.16800000    -119.874717    -13.7723219    -45.5630358     128.979126
2.17200000    -119.003698    -11.3175807    -45.1694843     127.789867
2.17600000    -115.379055    -10.4624598    -49.5048480     125.986187
2.18000000    -109.501519    -10.9393462    -50.7891285     121.201434
2.18400000    -109.178242    -16.3387347    -54.1449967     122.957405
2.18800000    -104.917153    -18.0408236    -49.0054784     117.194783
2.19200000    -104.559996    -20.5022920    -45.1795947     115.733887
2.19600000    -98.0710359    -19.4791442    -41.3551038     108.201709
2.20000000    -99.8341982    -19.7705681    -38.9188756     108.960641
2.20400000    -100.567722    -19.2145390    -41.8908381     110.625077
2.20800000    -105.762246    -15.2994640    -39.1434204     113.806562
2.21200000    -106.947373    -10.5809574    -39.2854534     114.424840
2.21600000    -104.965771    -5.60331100    -37.9684372     111.762304
2.22000000    -107.298442    -1.95362964    -38.4463589     113.995153
2.22400000    -104.087372    -3.31055693    -38.6400969     111.077441
2.22800000    -105.909558    -5.01290362    -35.0520926     111.671898
2.23200000    -100.740180    -9.82009606    -33.5463599     106.631967
2.23600000    -100.440600    -8.41831246    -30.5015240     105.306814
2.24000000    -98.9562491    -9.90330071    -29.7273741     103.798513
2.24400000    -99.2514304    -11.3857550    -28.7275388     103.950726
2.24800000    -99.9244955    -12.4303476    -28.4195690     104.628343
2.25200000    -96.4756643    -12.3262467    -24.8225555     100.377534
2.25600000    -95.9524930    -6.95767872    -23.2570438     98.9756551
2.26000000    -91.5227592    -3.10022160    -23.7072783     94.5941958
2.26400000    -92.9130470     3.33221305    -22.3751189     95.6273177
2.26800000    -88.1404770     3.37047634    -20.7225217     90.6064385
2.27200000    -87.9681394     5.86358100    -14.9362260     89.4196062
2.27600000    -84.2665535     3.62668444    -12.9747322     85.3366777
2.28000000    -84.4297396     2.95162914    -8.02274058     84.8614012
2.28400000    -85.7133185     1.30228841    -4.75997952     85.8552638
2.28800000    -85.3777640    -2.53553229    -1.54571094     85.4293903
2.29200000    -87.4856009    -3.97646402     1.23508620     87.5846338
2.29600000    -85.3489839    -9.34374072    0.577907870     85.8608672
2.30000000    -86.5815488    -6.58078414   -0.830370340     86.8352511
2.30400000    -84.2425139    -7.05401744    -5.94971587     84.7464420
2.30800000    -81.0501766    -5.93993975    -8.92519084     81.7561804
2.31200000    -79.4559388    -5.54970945    -8.71037005     80.1243785
2.31600000    -79.0152903    -6.58513775    -7.49442070     79.6426173
2.32000000    -82.6188697    -6.40107758    -5.22793693     83.0312155
2.32400000    -86.3485630    -11.7001940    -5.78779992     87.3296484
2.32800000    -89.0081259    -14.7434734    -2.59198119     90.2581567
2.33200000    -91.5330706    -17.9174652    -4.43815297     93.3757772
2.33600000    -93.0741604    -17.5444268    -4.49095709     94.8196970
2.34000000    -95.5207742    -18.5774934    -6.00443101     97.4956140
2.34400000    -95.9460724    -17.8570881    -8.14468367     97.9329376
2.34800000    -97.1512508    -16.1122262    -6.89941398     98.7196600
2.35200000    -96.6747505    -14.8692718    -10.0709093     98.3286623
2.35600000    -95.1625383    -12.0742561    -6.81830840     96.1674876
2.36000000    -93.1112212    -11.4201308    -8.20777974     94.1673328
2.36400000    -89.7274397    -8.82806901    -4.35551379     90.2658227
2.36800000    -88.7324709    -8.81411021    -4.30369847     89.2729621
2.37200000    -87.3768472    -5.52041348    -2.46788813     87.5858371
2.37600000    -90.4202960    -4.56056624    -2.43814455     90.5680586
2.38000000    -90.0384680    -2.29032571    -6.94713343     90.3351204
2.38400000    -93.0977161    -2.55940229    -7.28645294     93.4174913
2.38800000    -94.1355007    -2.04596813    -11.1177329     94.8118266
2.39200000    -95.3678886   -0.737926240    -8.51332570     95.7499630
2.39600000    -100.601465   -0.785290250    -14.1400047     101.593362
2.40000000    -99.8957940     2.03800587    -12.6228216     100.710768
2.40400000    -101.102443  -0.0646064240    -10.0408284     101.599835
2.40800000    -99.7827741     4.03730249    -9.44331020     100.309909
2.41200000    -98.8699814    0.348562670    -4.64932836     98.9798514
2.41600000    -100.708835     5.24792480    -2.18869957     100.869225
2.42000000    -97.4222127     7.57914411     2.88837990     97.7592640
2.42400000    -95.8778408     7.05725093     1.75152165     96.1531746
2.42800000    -90.7478570     6.91050140   -0.158881920     91.0107347
2.43200000    -87.5671948    0.815645360    -1.69191671     87.5873362
2.43600000    -86.6056335     3.57424048    -4.12780718     86.7775878
2.44000000    -83.6414002    -2.44290068    -7.90745245     84.0498626
2.44400000    -82.4528092    0.345406767    -10.9643862     83.1793413
2.44800000    -80.9898481    -2.57632227    -12.7001796     82.0200433
2.45200000    -84.0201917    0.808235760    -12.4025168     84.9344941
2.45600000    -84.8665566     2.65912880    -12.1053479     85.7667933
2.46000000    -83.2209489     3.75058308    -11.5515657     84.1025082
2.46400000    -81.2300722     6.64050585    -8.40492980     81.9332887
2.46800000    -76.0444739     3.69492349    -4.98581903     76.2972664
2.47200000    -76.3294666     5.73135347    -1.12695590     76.5526349
2.47600000    -73.0229941    -1.07101646     1.13234987     73.0396260
2.48000000    -74.7528030    0.467249050     1.86453646     74.7775125
2.48400000    -74.0909967    -3.72460944     4.27667056     74.3077279
2.48800000    -73.5367712    -2.68692990     4.28300594     73.7103822
2.49200000    -76.6808378    -1.13459471     4.29919470     76.8096431
2.49600000    -77.2622369   -0.322309530     2.83314171     77.3148358
2.50000000    -78.7401904     2.62677567     1.82920168     78.8052252
2.50400000    -77.2661150     2.89388801    0.289824559     77.3208324
2.50800000    -77.4648376     3.74819909   -0.408560930     77.5565406
2.51200000    -80.0508335     5.99789993    -1.44008722     80.2881348
2.51600000    -79.5300617     6.50599416   -0.305407160     79.7963154
2.52000000    -79.0385015     4.43067334    0.416905875     79.1636873
2.52400000    -77.2543136     3.12876128     1.63448926     77.3349188
2.52800000    -76.9698550    -1.23078907     2.46875970     77.0192716
2.53200000    -79.3452444     2.03448889     2.97940721     79.4272234
2.53600000    -82.7319586     1.91308988     3.55564125     82.8304260
2.54000000    -85.1479947     7.27964338     3.77576392     85.5419816
2.54400000    -85.9293564     7.78474287     5.53246087     86.4584561
2.54800000    -86.1583411     8.76516214     7.95804552     86.9679153
2.55200000    -85.7387228     8.96917656     13.8394489     87.3103949
2.55600000    -87.1939707     9.70012815     14.1860340     88.8713934
2.56000000    -84.1687007     13.0823352     16.8418934     86.8283769
2.56400000    -82.9237269     13.9841757     18.4406903     86.0927448
2.56800000    -81.2689947     17.5457685     19.3831534     85.3710146
2.57200000    -82.1379423     13.6806989     18.5962744     85.3207156
2.57600000    -84.5959652     14.8704898     15.7934979     87.3329455
2.58000000    -80.7045202     10.0565501     13.5681073     82.4526975
2.58400000    -83.5552027     10.5642007     12.4690558     85.1384260
2.58800000    -80.4111950     8.59925243     13.8791911     82.0520528
2.59200000    -82.5281784     5.66669920     12.5235574     83.6651133
2.59600000    -82.5865771     5.73885270     14.9404557     84.1230906
2.60000000    -79.0359583     1.57916022     15.0454677     80.4707559
2.60400000    -80.8210630     5.67987438     15.9896092     82.5831266
2.60800000    -79.1856813     1.47173357     16.0198227     80.8032972
2.61200000    -77.4519681     5.51643784     14.3515077     78.9633094
2.61600000    -74.2697290     4.86912043     13.0449100     75.5636861
2.62000000    -68.4700630     7.37310417     10.1476269     69.6095290
2.62400000    -66.3936379     8.75042844     9.73631782     67.6718629
2.62800000    -63.5177978     4.38216790     10.6577870     64.5546470
2.63200000    -63.2604448     6.66956394     12.6763010     64.8618191
2.63600000    -64.6991522     2.84893178     14.0912184     66.2771389
2.64000000    -61.5745195     4.69097271     13.6755428     63.2490881
2.64400000    -66.0266301     2.37631760     14.0613940     67.5491345
2.64800000    -67.9519481     1.45606541     14.5998718     69.5179375
2.65200000    -74.8833807     1.81386846     13.8217967     76.1698949
2.65600000    -76.5911232    -1.49649632     11.1573707     77.4139947
2.66000000    -75.3463634   -0.626989290     7.69356461     75.7407323
2.66400000    -74.8859160    -4.60995358     9.68280942     75.6499100
2.66800000    -72.1498319    -4.12423270     10.1804911     72.9811615
2.67200000    -73.4645993    -8.19293199     10.1659803     74.6158069
2.67600000    -70.1088492    -7.19961712     10.8455025     71.3071536
2.68000000    -70.5179259    -6.67618425     9.95454938     71.5293112
2.68400000    -68.2732323    -3.87790744     14.7873669     69.9638381
2.68800000    -69.0793933    0.678944470     14.4607176     70.5799964
2.69200000    -69.2974415    -1.36555480     14.4011866     70.7912022
2.69600000    -68.2401851     3.53374631     9.42294040     68.9782722
2.70000000    -69.0137282     2.13441580     6.78051072     69.3788566
2.70400000    -66.4938151     7.26576493     6.55350431     67.2098743
2.70800000    -68.3411948     8.67518787     4.86358088     69.0610759
2.71200000    -66.0550789     9.25193030     6.07917743     66.9763247
2.71600000    -70.6536896     10.4508902     2.89221081     71.4809754
2.72000000    -71.4041115     7.36745429     4.01463962     71.8953674
2.72400000    -74.4829593     8.77868916     4.13350931     75.1123326
2.72800000    -74.4618344     7.58280505     8.34814321     75.3110563
2.73200000    -74.1151010     8.64859133     12.4538417     75.6501455
2.73600000    -77.6701420     10.3757618     14.6550252     79.7187378
2.74000000    -75.9811697     11.5623463     17.9560330     78.9255670
2.74400000    -78.9240861     15.6666392     18.2669399     82.5114298
2.74800000    -72.9972140     16.8358522     18.8101280     77.2389804
2.75200000    -74.8438322     16.1042751     16.8172454     78.3821831
2.75600000    -72.1662905     16.5329352     15.5632029     75.6539802
2.76000000    -74.3743738     12.9580792     12.9264789     76.5934276
2.76400000    -74.9230228     12.6038326     12.0944697     76.9323868
2.76800000    -73.9271917     10.4611312     8.98848441     75.2027778
2.77200000    -77.2181380     12.2598579     8.86074368     78.6858166
2.77600000    -76.3409557     11.5316541     7.93468943     77.6136577
2.78000000    -79.6644667     11.9421290     8.93275618     81.0483549
2.78400000    -76.3333011     16.0045086     11.3356380     78.8125234
2.78800000    -76.1753634     16.7940183     11.0019494     78.7766966
2.79200000    -70.8418427     19.4233579     13.7668845     74.7352702
2.79600000    -67.7805881     13.8994462     14.0074717     70.5947023
2.80000000    -64.5266383     14.5090676     15.7090262     67.9777434
2.80400000    -60.0014046     14.0668388     16.0646240     63.6876492
2.80800000    -58.5880879     17.6105607     13.0334365     62.5505105
2.81200000    -54.8711564     16.0274712     14.6126377     59.0021425
2.81600000    -57.5437318     15.0351242     11.4345720     60.5647213
2.82000000    -56.6028692     14.4920903     12.7414435     59.8017547
2.82400000    -57.5463919     13.6534817     11.1844186     60.1921589
2.82800000    -55.0481473     15.6050888     8.02565512     57.7774044
2.83200000    -53.1658626     12.0470899     6.95592245     54.9556747
2.83600000    -52.5532271     13.8227930     3.33767291     54.4431019
2.84000000    -56.8103335     8.89760113     5.98766809     57.8137827
2.84400000    -62.4410268     11.6379146     5.93829034     63.7933083
2.84800000    -66.3201825     10.8854211     7.68778238     67.6458498
2.85200000    -70.1248848     12.2895227     7.65332478     71.6038073
2.85600000    -72.9670791     13.6527845     6.72931633     74.5377546
2.86000000    -77.6111585     12.5697373     7.55188308     78.9843095
2.86400000    -75.8676099     15.6058977     6.87031530     77.7601409
2.86800000    -72.8964643     13.9536724     6.21168324     74.4794233
2.87200000    -66.9352800     16.3975355    0.316980554     68.9152476
2.87600000    -66.8260539     14.0599485    -3.62402263     68.3852117
2.88000000    -66.6110531     16.5762501    -8.35890082     69.1496615
2.88400000    -67.0977278     16.7144690    -12.4660860     70.2629479
2.88800000    -68.1099627     18.2341280    -15.6403097     72.2223631
2.89200000    -67.3887727     19.0747042    -19.5860315     72.7234739
2.89600000    -72.2387661     18.9516897    -21.2021435     77.6346363
2.90000000    -72.1346840     22.9575847    -19.7726157     78.2395020
2.90400000    -75.4327456     24.7983270    -17.2635157     81.2593693
2.90800000    -72.3246370     27.5743892    -11.5741459     78.2634072
2.91200000    -68.6743355     26.4757270    -8.35089641     74.0733821
2.91600000    -67.3733318     27.5972459    -5.53366506     73.0164041
2.92000000    -63.9633929     29.5613493    -4.16339345     70.5869877
2.92400000    -67.7645516     30.4324049    -3.13179874     74.3503455
2.92800000    -65.1864925     29.6983866    -1.66613860     71.6522783
2.93200000    -66.5498977     23.4886354    -3.00009618     70.6371394
2.93600000    -66.8093826     20.7034913    -2.08232880     69.9747401
2.94000000    -68.3765590     17.1183611    0.479373831     70.4884522
2.94400000    -72.3367598     15.5587734     2.36331118     74.0288288
2.94800000    -71.3506750     14.8004928     4.10756786     72.9852418
2.95200000    -71.8427456     9.79971684     1.77986280     72.5298728
2.95600000    -68.2110343     8.59821067     4.16313955     68.8767461
2.96000000    -67.9798610     6.61115145     5.35287025     68.5100142
2.96400000    -66.7315101     11.4803308     6.81399772     68.0538243
2.96800000    -67.1570671     14.4032666     9.37641787     69.3213023
2.97200000    -68.4712816     15.2030565     8.75333666     70.6828850
2.97600000    -67.8430761     15.5616500     9.66630259     70.2729345
2.98000000    -70.4180166     15.0512977     9.88534973     72.6839649
2.98400000    -67.4136559     17.0763045     7.87086543     69.9867966
2.98800000    -69.5676232     13.2963659     6.50291286     71.1247876
2.99200000    -66.7834715     10.1026259     1.69798692     67.5646229
2.99600000    -68.4013016     5.82647349   -0.372409150     68.6500149
3.00000000    -69.9123148     5.03468470    -2.04002891     70.1230457
3.00400000    -69.5317362     5.95918175    -2.02486826     69.8160031
3.00800000    -74.4186092     4.05879035    0.108602918     74.5292893
3.01200000    -74.1754872     3.71572878     1.36879858     74.2811090
3.01600000    -79.9285618   -0.316955290     4.85705590     80.0766285
3.02000000    -79.4879857   -0.635198754     7.23809384     79.8193796
3.02400000    -81.1390304    -3.12951524     8.12603310     81.6049541
3.02800000    -81.6101686    -6.24547284     6.73291145     82.1252558
3.03200000    -80.2388493    -8.40594445     3.07588623     80.7365711
3.03600000    -81.5802636    -8.76771965    0.445899140     82.0512715
3.04000000    -79.4039931    -3.26343016    -3.01055536     79.5280299
3.04400000    -80.4719921     1.88810009    -5.22616032     80.6636175
3.04800000    -79.5608070     7.20742692    -7.75023182     80.2616664
3.05200000    -79.2816136     11.2588540    -6.99808038     80.3822690
3.05600000    -79.7885282     13.7331504    -4.30086125     81.0759278
3.06000000    -78.4702787     16.9695569    0.344127700     80.2849234
3.06400000    -77.4840932     18.4825974     5.53440385     79.8499889
3.06800000    -73.0419269     16.4548889     7.22303847     75.2200688
3.07200000    -73.2138236     15.3234750     10.4032458     75.5201985
3.07600000    -69.1187067     10.8463504     10.3961673     70.7327309
3.08000000    -70.1408392     10.2697855     13.3575962     72.1361989
3.08400000    -66.0956990     8.25372124     12.1568543     67.7093380
3.08800000    -66.6983865     6.36845745     9.27086593     67.6400840
3.09200000    -66.9115359     3.32812845     7.75418668     67.4415116
3.09600000    -69.0432992     2.16373378     5.32773762     69.2823477
3.10000000    -71.7905433     4.95885260     6.17880494     72.2263799
3.10400000    -72.7743605     5.24014402     5.03365769     73.1362042
3.10800000    -76.9207691     9.50537039     5.42741667     77.6956474
3.11200000    -76.8883164     8.39877231     5.41333467     77.5348745
3.11600000    -79.5955691     11.9131559     4.78909476     80.6245207
3.12000000    -78.6653142     12.3546266     4.40204723     79.7511535
3.12400000    -80.3169471     12.1812658     3.69568592     81.3194523
3.12800000    -80.2121073     10.1280455     3.20254390     80.9123956
3.13200000    -81.2915595     3.77536988     2.71122004     81.4243317
3.13600000    -83.6609243     3.47906498     3.08320367     83.7899773
3.14000000    -83.6928231   -0.552675554     4.38063111     83.8092120
3.14400000    -85.2657114     2.96140059     7.12328398     85.6139743
3.14800000    -83.0952823    0.212432220     8.41464429     83.5205203
3.15200000    -84.2659355     1.53039046     9.70408321     84.8366619
3.15600000    -81.1709823     3.13467904     8.12412519     81.6367318
3.16000000    -78.4299481     4.70548236     6.92731223     78.8757629
3.16400000    -74.1030756     8.76551074     5.08221565     74.7925725
3.16800000    -71.2672727     2.12905392     4.54173402     71.4435747
3.17200000    -70.1544873     1.73015819     5.14862381     70.3644361
3.17600000    -69.4030499    -4.61815363     4.95463002     69.7327688
3.18000000    -69.5709330    -3.37600805     5.53875413     69.8726696
3.18400000    -71.0528110    -4.81992471     4.28939196     71.3451645
3.18800000    -72.6629448    -7.14038105     6.83424600     73.3320905
3.19200000    -73.7163035    -5.70969029     9.11499500     74.4968261
3.19600000    -73.2503262    -7.14746773     10.4154963     74.3315488
3.20000000    -71.4128398   -0.994182800     13.7290115     72.7273528
3.20400000    -69.4827212   -0.661753260     15.4596756     71.1848863
3.20800000    -71.0344299     1.99226331     18.1328154     73.3393370
3.21200000    -69.1207036     3.06026211     19.0216839     71.7555665
3.21600000    -70.3226598     7.09064500     20.2541190     73.5240305
3.22000000    -68.5460115     13.0722583     22.7045442     73.3821229
3.22400000    -70.8429696     17.7662706     23.1854459     76.6285300
3.22800000    -73.3825474     21.0953787     25.5900691     80.5286588
3.23200000    -73.6957800     22.2974247     26.7315524     81.5034909
3.23600000    -75.6341357     22.8766351     29.5391354     84.3588966
3.24000000    -70.8793629     23.2744296     30.0285596     80.4195097
3.24400000    -71.3146008     19.3694816     28.6613544     79.2617331
3.24800000    -69.9472811     16.8457670     30.0088212     77.9546749
3.25200000    -71.2633086     12.2469904     26.9258199     77.1585879
3.25600000    -71.6926318     10.4423572     27.7451798     77.5800959
3.26000000    -68.1547797     10.4385569     24.8477243     73.2901553
3.26400000    -69.0609781     11.0865385     26.3432672     74.7415397
3.26800000    -69.9779606     14.3580927     24.8493474     75.6343828
3.27200000    -73.8909026     12.9353490     23.7344809     78.6798216
3.27600000    -76.3335053     16.1815740     23.5343760     81.5016210
3.28000000    -75.8652228     15.1815883     21.8995927     80.4089847
3.28400000    -77.2675332     18.5261046     22.8639576     82.6816110
3.28800000    -78.3010685     15.8076248     20.4716034     82.4622633
3.29200000    -80.6869195     12.4682898     23.3661835     84.9224102
3.29600000    -80.6851151     13.1580163     24.7519198     85.4159161
3.30000000    -78.4146482     9.54366395     29.1721508     84.2077963
3.30400000    -79.9397981     14.0802268     30.6642108     86.7693375
3.30800000    -80.5971007     9.02373438     30.5891881     86.6776722
3.31200000    -82.0383436     11.3247030     28.6295356     87.6252762
3.31600000    -79.2436974     8.49804576     26.5284684     83.9972619
3.32000000    -75.4106529     8.65444761     24.0702184     79.6306564
3.32400000    -73.3179723     10.0544571     20.0677498     76.6768006
3.32800000    -73.2044084     9.21256130     17.0608347     75.7286522
3.33200000    -75.2885101     14.7857649     12.6222876     77.7579626
3.33600000    -74.2764011     15.0997615     12.5183563     76.8224954
3.34000000    -75.5958353     16.5704626     12.5252484     78.3976555
3.34400000    -75.9865374     15.3270934     13.5237214     78.6877671
3.34800000    -79.0496335     13.6695087     15.7148493     81.7475169
3.35200000    -79.7566224     11.6603400     16.3184036     82.2397267
3.35600000    -79.4934177     7.54237502     17.0043711     81.6409181
3.36000000    -80.4434689     3.41349312     18.0210871     82.5079584
3.36400000    -82.3577759     1.65146481     15.5898931     83.8365992
3.36800000    -86.7138641    -1.31291687     15.7005771     88.1335697
3.37200000    -87.6234105   -0.241538277     9.56751608     88.1445278
3.37600000    -89.2176569   -0.864177260     7.74226894     89.5571316
3.38000000    -88.3711483     3.04897981     4.18116151     88.5225295
3.38400000    -88.2751655     5.58304830     2.85435816     88.4975855
3.38800000    -85.6298504     6.46757165     3.04177768     85.9276043
3.39200000    -81.6408285     6.35423122    0.175270097     81.8879225
3.39600000    -79.3460863     1.60608135     3.39585263     79.4349591
3.40000000    -77.5783106     1.36451788     2.50343156     77.6306857
3.40400000    -78.2293895    -3.29787023     9.93669737     78.9268730
3.40800000    -78.8618863    -3.83762765     12.2862508     79.9054219
3.41200000    -79.0445229    -8.90048961     18.1424888     81.5867956
3.41600000    -78.5756055    -10.4433652     20.2210404     81.8051351
3.42000000    -79.3478109    -9.02861841     23.5087899     83.2481486
3.42400000    -81.7660662    -9.17123649     25.5139941     86.1438625
3.42800000    -84.5522239    -5.44170831     26.0001255     88.6267301
3.43200000    -87.5568773    -8.79169066     27.8095273     92.2868918
3.43600000    -85.5531607    -4.01775294     25.0577305     89.2377471
3.44000000    -86.9141245    -3.50072603     27.5331805     91.2381288
3.44400000    -85.2225665    -2.34967902     26.1112548     89.1639190
3.44800000    -86.4691347    -2.87321405     28.8926987     91.2137855
3.45200000    -86.2125637    -4.63664114     24.4253218     89.7256982
3.45600000    -83.8809208    -2.46307310     24.4763203     87.4137624
3.46000000    -85.9493201    -7.33829165     20.1483316     88.5838101
3.46400000    -87.1817175    -7.52363119     16.8544402     89.1141349
3.46800000    -93.3973373    -9.87887130     14.0413852     94.9621778
3.47200000    -94.8207963    -10.8749412     9.11489003     95.8766341
3.47600000    -96.3295295    -9.53552456     10.5511009     97.3736628
3.48000000    -98.5120012    -9.08969435     9.26858862     99.3636939
3.48400000    -96.4481847    -4.28331899     11.9864616     97.2845024
3.48800000    -96.4117762    -5.20886278     10.7422389     97.1481268
3.49200000    -92.5917068    -5.09058702     9.36073276     93.2027980
3.49600000    -89.8811101    -2.81950858     6.92455992     90.1915357
3.50000000    -87.1326780     1.91754320     8.14993472     87.5340047
3.50400000    -85.1731151     7.28992979     8.27673662     85.8842650
3.50800000    -86.5404359     5.64038771     9.17057495     87.2075712
3.51200000    -83.7621189     4.85137542     8.76332813     84.3589019
3.51600000    -84.2196175     1.68822202     9.63633539     84.7859246
3.52000000    -81.7688342    0.946059000     12.8491503     82.7776416
3.52400000    -83.9699817    -3.83002839     15.7630687     85.5225191
3.52800000    -84.1552328    -7.23350911     18.8653191     86.5466760
3.53200000    -83.5678002    -9.62730721     20.2338582     86.5197739
3.53600000    -86.1236168    -13.6868233     25.9773968     90.9913823
3.54000000    -82.3189227    -11.6639037     26.1382551     87.1530841
3.54400000    -84.0780561    -11.7471200     29.0025397     89.7121042
3.54800000    -79.6780690    -6.36844195     25.1225511     83.7871966
3.55200000    -80.3923030    -5.50968253     24.3925217     84.1918885
3.55600000    -79.3660328    -3.31142388     21.1625823     82.2057636
3.56000000    -80.1757388    0.712815790     19.7908176     82.5853114
3.56400000    -84.6227332  -0.0403344000     21.6278679     87.3428490
3.56800000    -85.3385096     1.27137249     18.7455765     87.3823452
3.57200000    -88.8392607    -4.52020456     21.4398569     91.5014424
3.57600000    -85.9503846    -4.54001507     18.1049089     87.9537837
3.58000000    -89.7110919    -5.55652010     23.0663229     92.7955289
3.58400000    -89.9258979    -6.60661014     20.3274384     92.4311590
3.58800000    -92.3255104    -7.41086029     21.0163541     94.9768806
3.59200000    -93.1565318    -9.01013891     19.6624790     95.6343824
3.59600000    -92.0611138    -5.87456416     19.4665437     94.2799316
3.60000000    -97.4069312    -3.18653296     21.9544197     99.9012551
3.60400000    -97.0755556     1.00219253     19.4534288     99.0106246
3.60800000    -101.994146     1.54366045     21.9053193     104.331356
3.61200000    -99.0236962     3.04778099     18.7470029     100.828724
3.61600000    -99.8751994     6.23211867     20.3620921     102.120074
3.62000000    -99.4994504     8.79164754     19.2513922     101.725365
3.62400000    -100.922102     12.8993131     22.3197184     104.162530
3.62800000    -101.850614     9.97591275     24.7807026     105.295535
3.63200000    -97.8649433     10.0796640     25.5658066     101.650171
3.63600000    -96.0016538     8.31413097     27.6763188     100.256775
3.64000000    -91.4475339     11.3032686     25.8077701     95.6893742
3.64400000    -93.2169537     12.5758516     26.2323575     97.6508530
3.64800000    -91.5653061     9.53398406     20.5039864     94.3160410
3.65200000    -91.2381061     8.21416017     19.4289581     93.6448015
3.65600000    -89.4271810     4.75860861     15.9766592     90.9676794
3.66000000    -86.7917313     4.37715423     15.4653953     88.2674490
3.66400000    -88.8838658    0.153995960     13.8060987     89.9498398
3.66800000    -85.4409398    -2.46866125     13.0596816     86.4685132
3.67200000    -86.4541212    -4.02793613     15.2967669     87.8893078
3.67600000    -82.7923974    -3.15728521     15.0217314     84.2033368
3.68000000    -81.3119512     2.02238017     18.0040479     83.3058772
3.68400000    -82.9669099     4.07599598     16.3692247     84.6644755
3.68800000    -82.8766994     7.34365666     14.9600276     84.5356672
3.69200000    -83.4456153     7.59999567     12.6848282     84.7457109
3.69600000    -80.2232561     9.78023874     12.3077068     81.7490277
3.70000000    -78.6593990     10.9515049     15.7053898     80.9561349
3.70400000    -79.7432800     9.35279402     19.1032633     82.5312070
3.70800000    -78.0378617     8.31053423     23.9959488     82.0656956
3.71200000    -75.9389269     6.07009831     24.8213318     80.1228134
3.71600000    -72.4101168     9.29507751     24.2176459     76.9163042
3.72000000    -72.3297554     10.1362750     23.7482895     76.8005133
3.72400000    -73.2162149     11.4936931     25.5628200     78.3975565
3.72800000    -74.9574481     10.0699363     24.0387177     79.3591998
3.73200000    -75.0733131     12.0863530     24.7761179     79.9746102
3.73600000    -73.2257103     15.7584564     22.7014878     78.2667947
3.74000000    -74.6486094     19.8517355     23.4126659     80.7134388
3.74400000    -74.1126377     21.5434893     25.2236358     81.1975172
3.74800000    -77.8777512     18.2603665     24.5908644     83.6845011
3.75200000    -73.6460631     18.7394499     29.6168065     81.5601914
3.75600000    -73.2561716     20.6925735     28.5211192     81.2902424
3.76000000    -72.4247677     25.6011018     30.6840380     82.7180366
3.76400000    -73.7871349     25.0903965     28.3416283     82.9295916
3.76800000    -76.2552640     24.2374566     25.8932449     84.0998200
3.77200000    -73.2123289     21.8575465     26.3423900     80.8190507
3.77600000    -75.9504217     21.8451268     24.4660509     82.7300656
3.78000000    -73.7462715     22.6057506     27.5114740     81.8926964
3.78400000    -77.4101214     20.7243828     28.0812063     84.9139629
3.78800000    -76.0470275     21.7111947     29.8848400     84.5436576
3.79200000    -76.0383578     19.6394033     33.5748356     85.4096459
3.79600000    -77.1937066     23.5000474     35.0960388     87.9934799
3.80000000    -75.8189491     21.8222678     36.3709278     86.8767449
3.80400000    -78.7376983     21.3906235     36.4833400     89.3768315
3.80800000    -77.0307363     19.1664556     36.7083057     87.4562009
3.81200000    -75.9569544     21.1670189     36.6443349     86.9500367
3.81600000    -77.0724341     23.6084777     33.9182664     87.4526678
3.82000000    -79.3867953     24.4967219     31.6144520     88.8922169
3.82400000    -84.5182223     23.9062980     28.8429122     92.4486591
3.82800000    -86.7246485     20.9533427     27.0313046     93.2249894
3.83200000    -88.4416399     22.6611631     25.9020850     94.9018967
3.83600000    -90.8965872     25.1536757     27.8207810     98.3305285
3.84000000    -91.8889298     30.7435866     28.9119435     101.116982
3.84400000    -96.4472573     29.3006553     31.6206142     105.643102
3.84800000    -96.8175313     30.1390121     33.5478981     106.805692
3.85200000    -100.243864     33.0250585     36.2488511     111.595098
3.85600000    -101.025179     35.8732164     38.7506667     113.993809
3.86000000    -102.132430     39.9487398     40.0671051     116.757475
3.86400000    -103.864722     35.1018753     40.8368470     116.994317
3.86800000    -101.944504     33.6751252     39.3502213     114.346561
3.87200000    -101.229779     30.2276937     37.4456353     112.086383
3.87600000    -98.8734164     31.1468711     33.0245411     108.796601
3.88000000    -100.333256     30.7272086     33.0672452     110.019845
3.88400000    -100.017021     31.8799328     32.0907258     109.770439
3.88800000    -100.111666     34.5726670     35.0312919     111.556293
3.89200000    -100.737802     38.8023000     37.2953598     114.213253
3.89600000    -99.6022041     46.4265289     38.8415810     116.553379
3.90000000    -99.0490604     47.6562647     41.7772823     117.589018
3.90400000    -96.1485055     47.3032295     41.7435127     114.998485
3.90800000    -94.2107534     43.6398355     46.2974585     113.681819
3.91200000    -92.4709661     43.6068522     47.1517353     112.586515
3.91600000    -89.4700111     42.9914753     48.0854683     110.296700
3.92000000    -88.3870750     39.1583382     46.3355040     107.203682
3.92400000    -87.6921493     34.2851407     44.1626849     103.998686
3.92800000    -87.3251646     29.1953280     46.3571075     103.087501
3.93200000    -87.3944124     31.4759638     43.2455504     102.463151
3.93600000    -87.1525788     35.2350341     44.8373804     104.151190
3.94000000    -90.0467448     40.1835436     40.5558654     106.620409
3.94400000    -88.8720676     41.4827070     42.2430713     106.787342
3.94800000    -90.3628908     42.8775126     41.5060422     108.289818
3.95200000    -88.3824046     45.1896004     42.3516284     107.922240
3.95600000    -89.1237813     45.8941884     44.8219113     109.810421
3.96000000    -88.6615425     45.9781890     42.2912626     108.459273
3.96400000    -89.0424598     40.7659328     45.2749107     107.889937
3.96800000    -91.7644266     36.5393581     45.0776137     108.571755
3.97200000    -89.3281800     33.5140169     48.7068561     107.121757
3.97600000    -91.3395742     30.8391672     47.1942123     107.337159
3.98000000    -87.5139125     28.1913721     45.5613559     102.612258
3.98400000    -89.4764983     23.0186739     46.2002365     103.297459
3.98800000    -89.0368713     19.8891967     46.8128393     102.540658
3.99200000    -90.8439409     18.2653613     48.6395703     104.652056
3.99600000    -92.4768416     18.7912809     46.6380687     105.262472
4.00000000    -91.6255080     16.6693689     43.7978781     102.914312
4.00400000    -94.1322967     15.3291409     42.7597051     104.519205
4.00800000    -94.8455541     14.1609122     40.5795210     104.129285
4.01200000    -96.5360809     15.2249150     42.8992150     106.730294
4.01600000    -93.6566113     17.1998046     41.0919470     103.710859
4.02000000    -91.2818561     16.2160100     41.0160079     101.378741
4.02400000    -85.9412206     17.2785589     41.0311559     96.7884174
4.02800000    -82.0811961     16.7063465     41.5091783     93.4849541
4.03200000    -77.5581176     21.7134857     45.5595866     92.5333076
4.03600000    -74.7055383     22.9296265     46.7518450     91.0627269
4.04000000    -73.8176897     24.0705795     51.0090765     92.8997847
4.04400000    -73.0236724     22.6157271     52.9539434     92.9948814
4.04800000    -74.5285931     18.6600536     57.1770416     95.7701565
4.05200000    -73.6566115     16.4687328     59.2749837     95.9689495
4.05600000    -76.3642226     10.3122874     58.0425961     96.4716577
4.06000000    -74.6135316     6.28218184     54.4208692     92.5649821
4.06400000    -75.3108086     2.01915259     47.8035482     89.2242909
4.06800000    -75.1759621    0.649081551     47.8777125     89.1298039
4.07200000    -78.1882053     4.69340470     45.7029500     90.6872821
4.07600000    -80.1397801     6.35633491     47.5827208     93.4178926
4.08000000    -81.3621354     10.3634794     45.9805719     94.0287816
4.08400000    -85.0380186     11.1574321     46.4493854     97.5371637
4.08800000    -85.2608788     13.2016199     50.1324731     99.7845934
4.09200000    -88.4734966     14.9275315     50.0674251     102.747934
4.09600000    -86.1565062     15.8258609     53.5619382     102.675619
4.10000000    -86.5057822     15.8337561     47.8364610     100.111364
4.10400000    -80.2324366     14.9909294     46.1887829     93.7836634
4.10800000    -75.9568203     15.7535566     42.7998769     88.5970798
4.11200000    -69.1226332     15.9070642     41.7000899     82.2792235
4.11600000    -65.6904628     16.3430690     40.7378221     79.0057147
4.12000000    -63.5298729     11.7859003     36.9584966     74.4371055
4.12400000    -58.1501433     8.75614356     37.7399984     69.8742921
4.12800000    -60.6502217     5.07304725     38.3199844     71.9208343
4.13200000    -59.3665863     5.19639414     40.5625704     72.0882529
4.13600000    -65.5986502     3.65445325     37.9804836     75.8884383
4.14000000    -66.9400704   0.0884074609     37.1260403     76.5462195
4.14400000    -69.1628851    -1.26616657     36.0591226     78.0087699
4.14800000    -70.9482425    -3.50320853     37.6221753     80.3825457
4.15200000    -69.9181944    -1.19527021     38.9868756     80.0622199
4.15600000    -70.0499970   -0.797423009     38.0740599     79.7325027
4.16000000    -67.3924700    -1.05508817     35.7959842     76.3165166
4.16400000    -71.1449511   -0.346873720     34.6322113     79.1272042
4.16800000    -69.2078215     1.48990105     37.9401449     78.9391979
4.17200000    -70.6284725     6.29072224     42.0895202     82.4589718
4.17600000    -68.3111018     8.97352140     44.3493766     81.9377686
4.18000000    -68.6112550     12.1801446     44.3041213     82.5755133
4.18400000    -69.4578399     13.9655896     44.3790013     83.5997905
4.18800000    -65.3892159     14.6726322     43.9787743     80.1571474
4.19200000    -66.8621337     16.5790548     44.8211903     82.1848470
4.19600000    -61.4674744     14.6153213     40.9977865     75.3171728
4.20000000    -62.3604547     13.8599562     36.4417279     73.5453889
4.20400000    -58.2747508     10.1998652     30.2308488     66.4370984
4.20800000    -59.6351914     10.2415254     26.7162446     66.1438026
4.21200000    -60.5210748     10.5737850     27.4017220     67.2715378
4.21600000    -59.8934749     10.5534583     26.1886783     66.2151847
4.22000000    -64.7718183     10.6361717     27.9597086     71.3460714
4.22400000    -64.0810701     8.81305393     26.1724504     69.7785829
4.22800000    -71.4102249     8.55713006     28.8075780     77.4759398
4.23200000    -72.3447098     6.96087731     28.2370674     77.9714231
4.23600000    -77.5946279     9.69577828     28.7120861     83.3025707
4.24000000    -79.0698122     9.74010691     24.0049062     83.2054109
4.24400000    -78.0198570     11.3500455     20.8525211     81.5521260
4.24800000    -76.8808828     12.5542183     18.4819571     80.0616092
4.25200000    -70.8596253     13.4377947     19.5738093     74.7314849
4.25600000    -65.8847302     15.0971850     22.7932765     71.3320133
4.26000000    -60.0418923     15.7600212     22.9252233     66.1738087
4.26400000    -56.7896181     16.3957642     26.3560213     64.7187891
4.26800000    -55.2995460     15.1181103     30.8688818     65.1113271
4.27200000    -56.2268538     13.6689876     38.9789500     69.7686093
4.27600000    -59.5745166     14.1806253     42.2874488     74.4207061
4.28000000    -66.8169176     14.3295632     41.8234034     80.1188738
4.28400000    -71.4573804     13.6532916     38.4338854     82.2783880
4.28800000    -75.1616813     10.1011977     37.1052632     84.4281534
4.29200000    -73.5440988     8.09615702     35.6898225     82.1464890
4.29600000    -72.2170693     7.86279407     33.5429857     80.0141270
4.30000000    -70.8739888     5.95483416     29.4852283     76.9932532
4.30400000    -69.9605390     7.33189605     26.9306043     75.3225807
4.30800000    -69.1527957     4.48966817     28.3200967     74.8618337
4.31200000    -65.3247715     7.11276738     32.6369878     73.3695454
4.31600000    -64.9382213     6.91889127     35.9541829     74.5489565
4.32000000    -61.0852375     10.8729748     35.8199547     71.6428432
4.32400000    -64.0995744     12.5033381     35.1421910     74.1624062
4.32800000    -63.1825671     14.0440073     35.2183698     73.6858500
4.33200000    -66.4465504     16.0143757     39.7317731     79.0583208
4.33600000    -67.0928374     14.7580659     40.1756572     79.5822390
4.34000000    -68.4871789     16.2569459     43.1898331     82.5841610
4.34400000    -70.7477135     13.6000503     40.9647308     82.8752647
4.34800000    -68.7747805     12.6169421     43.8270929     82.5225529
4.35200000    -69.0796729     10.1649228     45.1163051     83.1312688
4.35600000    -65.8586413     5.74853245     46.1975062     80.6511986
4.36000000    -68.5746932     5.37022254     45.6872955     82.5751585
4.36400000    -65.3841386     3.74986060     43.3166759     78.5205798
4.36800000    -66.1026714     6.98554855     44.0752854     79.7558263
4.37200000    -63.0728566     9.61075648     44.7068982     77.9054467
4.37600000    -64.4548933     13.4840110     46.0044313     80.3284478
4.38000000    -67.2967603     19.1608113     42.3270227     81.7775487
4.38400000    -69.2397369     21.7194671     41.4477467     83.5690859
4.38800000    -75.3317371     26.9100700     39.9813455     89.4289130
4.39200000    -75.8130905     27.0601921     44.1635601     91.8166582
4.39600000    -79.2818105     29.0471478     41.8335293     94.2304964
4.40000000    -77.3324356     26.2680563     40.3236490     91.0840987
4.40400000    -75.0899431     23.2844579     36.6291060     86.7315222
4.40800000    -70.4746416     21.4515632     38.7013677     83.2144251
4.41200000    -64.2929682     19.3292277     42.7671016     79.6004383
4.41600000    -60.3138245     21.7610476     43.7654107     77.6318993
4.42000000    -56.2907628     20.3837394     46.2309240     75.6402349
4.42400000    -55.4911917     22.0755838     41.3955118     72.6649307
4.42800000    -55.3541116     19.0429234     45.1033924     73.8987592
4.43200000    -57.7045687     16.9117069     43.9773098     74.4971601
4.43600000    -63.5218806     13.4181680     46.4385980     79.8224275
4.44000000    -66.7907634     10.5172646     43.9368821     80.6354050
4.44400000    -68.2267408     9.12869163     41.0804284     80.1612299
4.44800000    -69.1181782     6.92556817     41.1268197     80.7260884
4.45200000    -68.1708294     8.46660885     41.1727659     80.0883393
4.45600000    -68.3497990     9.38659282     42.7009724     81.1367746
4.46000000    -66.1763700     16.2363707     38.5580404     78.2921079
4.46400000    -67.4246081     19.1010240     37.0335187     79.2616452
4.46800000    -68.3225099     25.1677802     34.6074317     80.6167281
4.47200000    -70.4443466     25.1191018     36.5750843     83.2533004
4.47600000    -69.6168192     26.9642852     38.8862201     84.1766732
4.48000000    -68.1863015     24.4114153     38.1374510     81.8520255
4.48400000    -67.8866916     21.2761657     37.9337353     80.6241055
4.48800000    -68.2905357     16.9159176     37.9198029     79.9228189
4.49200000    -69.4012178     9.58544706     39.9011812     80.6257657
4.49600000    -67.0389035     7.53656514     41.4207398     79.1624411
4.50000000    -67.1651458     3.25397590     40.2673158     78.3785806
4.50400000    -65.9480631     5.22103093     40.8122562     77.7306017
4.50800000    -67.5876554     3.40824812     41.2319605     79.2450748
4.51200000    -67.6074653     7.30087131     44.9046330     81.4892517
4.51600000    -67.4675512     10.8753293     44.5295415     81.5660672
4.52000000    -67.2832509     14.6959931     44.0573123     81.7560691
4.52400000    -63.0000675     16.4904652     40.9660650     76.9360932
4.52800000    -62.5289293     15.7330650     40.6547597     76.2247061
4.53200000    -60.6444277     16.3181611     40.0447358     74.4822788
4.53600000    -62.6301339     14.2442841     37.8204851     74.5373892
4.54000000    -62.6921427     18.1277944     39.2236577     76.1407710
4.54400000    -69.0675372     15.9784897     37.9924611     80.4304913
4.54800000    -71.7172780     16.5164802     43.7199659     85.6013873
4.55200000    -78.7734905     14.6740610     45.3127621     92.0534479
4.55600000    -82.5453043     13.9968664     49.2268985     97.1232571
4.56000000    -82.8548256     15.4944667     50.5447368     98.2841342
4.56400000    -85.4710605     13.0718442     48.0727413     98.9300953
4.56800000    -81.2694303     13.2172047     46.7621049     94.6895414
4.57200000    -82.6956100     10.8179673     43.8044523     94.2041526
4.57600000    -77.6423349     6.88487252     43.9027660     89.4605304
4.58000000    -76.6012032     5.36188150     43.2372972     88.1246729
4.58400000    -73.6506004   -0.751322062     42.0607882     84.8179541
4.58800000    -72.8756773    -1.47195094     43.4396037     84.8529915
4.59200000    -76.4891471    -1.87999294     43.0873666     87.8102794
4.59600000    -77.0945033    0.266782429     45.5724364     89.5571358
4.60000000    -78.3348682     3.65041754     47.6954148     91.7852369
4.60400000    -78.4860616    0.599056290     47.0856574     91.5285741
4.60800000    -79.0515166    0.692496990     48.7306702     92.8671096
4.61200000    -78.5933153    -1.56122422     46.5393981     91.3524067
4.61600000    -75.8644741    0.336228970     47.0651365     89.2785447
4.62000000    -71.2138550    -1.67236287     45.5701955     84.5627144
4.62400000    -68.9863622    -1.34192681     44.6407948     82.1810166
4.62800000    -65.6253515   -0.388801360     44.9081504     79.5209400
4.63200000    -67.9540672    0.232442170     41.7463249     79.7531499
4.63600000    -68.6377654     5.27816340     40.7839794     80.0145913
4.64000000    -70.3488476     8.40072639     38.1469667     80.4656674
4.64400000    -68.1992395     11.8888040     38.1803553     79.0583294
4.64800000    -65.7913405     10.8723137     35.9075018     75.7367571
4.65200000    -63.7629377     11.0064301     32.9167251     72.5972763
4.65600000    -57.6237960     11.2400429     32.8509087     67.2757210
4.66000000    -56.0721104     10.2407129     29.6674158     64.2581460
4.66400000    -53.0917747     5.71258833     29.3408829     60.9282989
4.66800000    -55.3977373     2.12716895     23.6442261     60.2700885
4.67200000    -56.2877604    0.739137822     23.9651485     61.1815874
4.67600000    -56.5837892    0.716078985     25.0433014     61.8821857
4.68000000    -56.1203585     2.30428716     27.5188357     62.5467081
4.68400000    -56.2973600     4.30455171     30.9550979     64.3905272
4.68800000    -56.9187023     4.43780822     30.5211335     64.7377201
4.69200000    -60.0301288     3.19045835     35.3999454     69.7635401
4.69600000    -60.6378963     2.92090017     32.2596296     68.7471442
4.70000000    -61.7268792     2.74683974     35.2161198     71.1191102
4.70400000    -61.8288236     1.06829914     33.9732794     70.5558530
4.70800000    -62.2808807    -2.26699605     34.2667186     71.1214129
4.71200000    -64.0646880    -3.69251123     34.7406995     72.9714676
4.71600000    -60.1463598    -3.44018306     28.4284933     66.6153037
4.72000000    -59.8001085   -0.236024000     29.4243980     66.6476097
4.72400000    -56.4786981     2.60400033     22.2016060     60.7415465
4.72800000    -58.8469196     6.71392842     22.2129487     63.2570302
4.73200000    -60.6658127     9.39097120     17.9009225     63.9450874
4.73600000    -61.3835001     12.5742756     18.3768820     65.2974447
4.74000000    -62.3796838     13.5969655     22.3602590     67.6467560
4.74400000    -59.6683413     13.0071797     22.2355131     64.9916588
4.74800000    -64.8490936     12.9329091     28.4191588     71.9743959
4.75200000    -65.3954589     11.0247670     23.2356647     70.2709588
4.75600000    -68.2329265     10.5134577     26.7533709     74.0405828
4.76000000    -66.4462194     7.85678661     22.7137032     70.6593340
4.76400000    -67.1309043     4.65746854     26.2366878     72.2261318
4.76800000    -66.3475022     1.48309698     27.2123487     71.7265819
4.77200000    -63.6742981    -1.07166289     28.6195469     69.8186448
4.77600000    -61.6553486    0.163802410     28.9120516     68.0978382
4.78000000    -58.3625268     5.54102523     28.6352381     65.2446500
4.78400000    -58.6327159     6.74332426     33.1081481     67.6713918
4.78800000    -55.0847044     10.6822148     31.6264452     64.4101421
4.79200000    -56.1276444     8.45674051     37.4892750     68.0240742
4.79600000    -53.8404077     11.0231000     33.8288555     64.5344071
4.80000000    -52.3432420     12.8716391     36.8111465     65.2729239
4.80400000    -49.9203494     13.1725135     33.0491948     61.3009435
4.80800000    -49.5111431     15.7108233     33.5111028     61.8156717
4.81200000    -53.7721647     12.8003119     33.2292113     64.4939855
4.81600000    -56.1228705     16.5824582     31.9886860     66.6935570
4.82000000    -57.9503400     15.7960235     37.3858490     70.7492613
4.82400000    -60.4783168     18.0094287     37.1462382     73.2243767
4.82800000    -63.7647791     16.7074330     45.4484063     80.0664911
4.83200000    -65.2564806     14.3205048     44.1472217     80.0778515
4.83600000    -62.5695349     15.1131050     49.0668320     80.9376713
4.84000000    -58.7231593     15.7759181     47.1817495     76.9636701
4.84400000    -54.3481426     19.7224462     47.7848754     75.0072650
4.84800000    -49.5550074     20.1794759     46.2445024     70.7210295
4.85200000    -45.3042041     23.1451116     40.8696120     65.2571244
4.85600000    -42.6032737     23.7920567     37.8584509     61.7605311
4.86000000    -41.1497914     27.7981771     33.7512029     60.0432151
4.86400000    -39.9993713     29.6112391     33.5338442     60.0107814
4.86800000    -39.9149647     30.3099769     29.7582489     58.2876701
4.87200000    -41.6170337     29.2326709     31.1473432     59.6379370
4.87600000    -42.8631116     26.9307076     30.2833050     58.9880319
4.88000000    -43.2182799     28.1362398     31.8920648     60.6347384
4.88400000    -45.2684695     23.2823102     28.3854840     58.2840973
4.88800000    -48.0654093     25.7252689     29.3936620     61.9359379
4.89200000    -51.0147357     22.8455696     25.7556237     61.5449061
4.89600000    -51.2836189     25.0449475     26.3569601     62.8645235
4.90000000    -48.9433926     22.1102967     25.4175025     59.4169196
4.90400000    -46.6068360     20.3410962     26.8045929     57.4842897
4.90800000    -45.6469001     17.9572831     31.1190986     58.0904623
4.91200000    -47.9737702     13.7977032     29.3006867     57.8825491
4.91600000    -45.0635195     13.8400351     35.3641071     58.9312093
4.92000000    -44.2160559     9.90673701     34.3498117     56.8604660
4.92400000    -42.8241578     10.4265838     40.9869969     60.1876736
4.92800000    -42.8711576     7.00627542     39.5767218     58.7651339
4.93200000    -47.1364386     6.83473917     39.8708461     62.1147476
4.93600000    -48.6748195     5.27838520     36.6707510     61.1706088
4.94000000    -51.7266582     4.50224063     35.1318567     62.6910256
4.94400000    -51.7485902     4.71460045     38.7209346     64.8032007
4.94800000    -53.9540428     2.88500348     37.6166136     65.8359446
4.95200000    -54.8045925     5.05263202     40.3730022     68.2572469
4.95600000    -53.0978092     4.12742537     37.8844187     65.3578011
4.96000000    -52.0794826     8.37321310     41.0215422     66.8217788
4.96400000    -51.0461123     8.04119828     41.2635522     66.1290193
4.96800000    -51.2973917     10.6249832     43.3650494     68.0061775
4.97200000    -51.5788123     8.23941788     42.8302334     67.5476926
4.97600000    -50.8752474     7.05495964     38.7350163     64.3309003
4.98000000    -51.8258092     2.32942734     36.8742948     63.6478936
4.98400000    -52.8042856    -1.63565864     35.1414565     63.4499009
4.98800000    -55.5248211    -4.90136882     35.4338399     66.0498765
4.99200000    -59.7697107    -6.84943772     31.9466561     68.1169725
4.99600000    -62.0637126    -4.85801970     30.1028284     69.1497292
5.00000000    -63.2338983    -5.17076399     27.6029250     69.1894802
5.00400000    -62.3498145    -1.65741795     27.2611825     68.0692182
5.00800000    -62.4118736   -0.326343420     27.2358581     68.0965523
5.01200000    -61.8681026     4.82313425     26.2318447     67.3723565
5.01600000    -59.1847838     6.69835532     26.2042581     65.0720350
5.02000000    -59.0634911     10.5121167     23.7137735     64.5084772
5.02400000    -58.0855139     10.9443679     23.2305695     63.5087826
5.02800000    -60.5143675     10.3756152     20.2867629     64.6621590
5.03200000    -58.9759625     11.2811195     20.0913962     63.3173910
5.03600000    -58.3056768     7.14348415     19.6846162     61.9521220
5.04000000    -59.1521901     10.4249972     20.1395187     63.3503147
5.04400000    -59.7807482     5.21930324     22.4737506     64.0784554
5.04800000    -63.2017242     7.61998321     22.1634888     67.4072868
5.05200000    -62.4530271     4.92359545     25.0911123     67.4847116
5.05600000    -62.5237611     8.86841495     25.5687740     68.1295214
5.06000000    -61.5494862     13.3689954     27.6841960     68.8003198
5.06400000    -61.1868124     13.0814388     28.6360303     68.8111349
5.06800000    -61.4696495     16.7566446     30.0246717     70.4328322
5.07200000    -63.3689500     12.4517875     31.1603584     71.7052214
5.07600000    -64.8691287     14.7463036     33.0116611     74.2645749
5.08000000    -66.5501990     9.07561698     33.0483458     74.8564558
5.08400000    -68.4361963     8.40534511     34.9355138     77.2958791
5.08800000    -67.2501034     10.0192607     34.1535802     76.0882976
5.09200000    -64.8246587     11.4580491     33.6125314     73.9143121
5.09600000    -57.1165764     17.4298240     33.3374801     68.3921753
5.10000000    -56.5845955     19.5686363     31.6270557     67.7127656
5.10400000    -53.8232356     27.4709158     36.1906487     70.4368863
5.10800000    -54.7959576     29.2090581     36.4283545     71.9916040
5.11200000    -50.1254920     31.4486637     41.6727812     72.3754384
5.11600000    -46.5309100     28.2422564     40.4684824     67.8266076
5.12000000    -47.6629103     22.7687905     41.3090330     67.0567449
5.12400000    -49.6252503     16.7913992     42.2823525     67.3232047
5.12800000    -57.4774037     7.17611855     40.1202106     70.4611944
5.13200000    -58.4104284     4.84863481     39.8616168     70.8818446
5.13600000    -62.7236249   -0.131469970     35.4426134     72.0447725
5.14000000    -62.3252517    0.166556230     35.7526727     71.8520587
5.14400000    -64.3236331    -1.09280254     33.2786263     72.4305941
5.14800000    -63.3759538    -2.93638038     32.4116801     71.2436023
5.15200000    -61.5917404  -0.0395098800     29.3854562     68.2425753
5.15600000    -58.1608100    -2.08675024     25.1322491     63.3929357
5.16000000    -53.5867638     1.96788653     21.6383504     57.8241476
5.16400000    -53.7238823    -2.17829177     19.6692559     57.2527739
5.16800000    -53.7065071   -0.863990480     21.9571842     58.0280391
5.17200000    -55.0103938    -3.04279823     23.2975173     59.8178599
5.17600000    -53.1494157    -3.45431333     25.8976392     59.2239849
5.18000000    -55.3921562   -0.150723408     26.9107214     61.5832819
5.18400000    -55.9178608    -2.75118146     29.0102994     63.0553220
5.18800000    -57.6991286     3.63762770     29.7828563     65.0341472
5.19200000    -55.1730017     2.44520123     29.2096862     62.4759545
5.19600000    -52.7532745     10.0150992     31.1964868     62.1001688
5.20000000    -51.7338772     9.94409906     28.1109208     59.7118332
5.20400000    -50.3863855     12.6503768     27.0426181     58.5672526
5.20800000    -50.3836947     14.2059356     21.3379969     56.5299514
5.21200000    -47.6958076     11.0746797     19.0714147     52.5476684
5.21600000    -45.9683591     15.4809786     18.3345115     51.8546532
5.22000000    -46.6617181     9.25695365     16.8396925     50.4636738
5.22400000    -49.6373681     11.0638673     18.2715075     54.0381852
5.22800000    -48.8581032     5.09617122     19.8213388     52.9714138
5.23200000    -48.7515393     2.78841063     23.8997405     54.3662157
5.23600000    -44.5181508     3.22440159     24.6899964     51.0084154
5.24000000    -44.3031511   -0.904927439     24.2601289     50.5187287
5.24400000    -43.6161454     2.04694874     25.5832894     50.6069445
5.24800000    -41.8982509    -1.66394306     27.5558969     50.1752886
5.25200000    -42.3763133     3.62096571     27.5844890     50.6928728
5.25600000    -41.4761149     3.87057684     28.1634611     50.2834965
5.26000000    -46.5594779     5.35445203     27.2375643     54.2064576
5.26400000    -48.1009040     6.66241372     27.6829872     55.8966234
5.26800000    -52.0643980     6.18683301     27.8720205     59.3786828
5.27200000    -52.2356834     10.9529893     27.0622744     59.8406324
5.27600000    -52.1964126     9.86626307     30.3016724     61.1555393
5.28000000    -54.1479790     13.5586985     27.3448936     62.1577440
5.28400000    -53.4380238     11.6494415     24.8306169     60.0657257
5.28800000    -55.8462936     12.4169009     19.8048247     60.5410523
5.29200000    -51.4105931     9.91831168     16.4134621     54.8709735
5.29600000    -52.7890542     8.03131548     12.6308569     54.8700722
5.30000000    -51.1724660     6.51545957     6.11352689     51.9465851
5.30400000    -52.3149354     1.00301099     4.73404426     52.5382686
5.30800000    -50.1349208    0.763189128     3.53961150     50.2655110
5.31200000    -47.9988464    -2.13968771     7.90528762     48.6925158
5.31600000    -48.6407722     1.83097520     9.00315326     49.5008481
5.32000000    -49.1405614    0.822068513     11.3181852     50.4338368
5.32400000    -50.2682207     3.48265675     16.0986197     52.8979060
5.32800000    -48.3692201     3.76826530     19.8539852     52.4210072
5.33200000    -45.2068602     3.06440277     24.9566968     51.7289811
5.33600000    -41.7038614     4.35606492     24.7241526     48.6772132
5.34000000    -39.2282501     1.65079786     22.8788358     45.4425117
5.34400000    -40.7663541     4.38544134     19.9947867     45.6170935
5.34800000    -42.9646614     2.88155257     17.1501986     46.3507798
5.35200000    -43.6277339     4.46918539     17.8479402     47.3487249
5.35600000    -46.9500192     5.13314980     15.2823387     49.6407434
5.36000000    -50.5660314     4.16579515     15.6867325     53.1069766
5.36400000    -56.7478515     6.09174178     15.2107584     59.0660235
5.36800000    -56.4603104     3.27224714     15.5869140     58.6636696
5.37200000    -52.2839618     5.19176680     17.9000383     55.5065624
5.37600000    -47.5048785     2.06413511     15.5102424     50.0154152
5.38000000    -42.4246707     1.99456589     14.6421967     44.9246580
5.38400000    -41.8700155     1.62847720     9.80304294     43.0331243
5.38800000    -37.6766398     1.47639134     8.20344708     38.5876336
5.39200000    -37.5294884     2.54821228     6.75534890     38.2176743
5.39600000    -33.9721926   -0.809751007     5.67006680     34.4516361
5.40000000    -33.7612064    0.805490910     7.45468811     34.5838148
5.40400000    -34.3344641   0.0612152750     7.64356079     35.1750365
5.40800000    -34.4479444     2.35029922     14.2176916     37.3406954
5.41200000    -38.0105796   -0.346287031     16.4280964     41.4102212
5.41600000    -35.1172311     2.25243111     21.1501182     41.0563133
5.42000000    -37.5700696     2.45710008     22.5034215     43.8628709
5.42400000    -34.9508601     4.29666130     24.7912027     43.0653881
5.42800000    -35.7046035     6.04811728     28.8528595     46.3021159
5.43200000    -33.3818568     5.11305615     29.6708071     44.9538486
5.43600000    -30.7033423     4.98230958     31.2888369     44.1192697
5.44000000    -29.1016671     2.64034000     30.1897872     42.0154933
5.44400000    -24.3692269     6.74115314     28.0794113     37.7856547
5.44800000    -24.4218193     6.75760421     26.3768715     36.5763561
5.45200000    -21.9434625     11.2881137     22.6586937     33.5015441
5.45600000    -24.3817498     10.6056021     18.4077159     32.3387156
5.46000000    -22.8290609     15.7761037     15.1643068     31.6228978
5.46400000    -22.1404785     18.4249299     10.5789190     30.6853770
5.46800000    -21.8853635     22.4571985     7.34661850     32.2066407
5.47200000    -23.8433062     22.1064164     7.18574793     33.2991271
5.47600000    -27.4663033     19.3490618     7.70011171     34.4684744
5.48000000    -25.1696123     17.3626844     10.7153894     32.4004902
5.48400000    -24.9567182     11.6715009     14.1395454     30.9675388
5.48800000    -17.1057716     10.4683656     16.9582952     26.2636227
5.49200000    -16.5884105     5.37666185     19.5693068     26.2114789
5.49600000    -12.8021996     7.02917036     19.2193800     24.1389751
5.50000000    -14.7998274     5.17848684     19.3023725     24.8683172
5.50400000    -14.5251142     8.62700295     19.7479454     25.9881794
5.50800000    -13.7566700     9.22010664     17.1728045     23.8571069
5.51200000    -15.4388957     10.3788960     17.1837222     25.3251119
5.51600000    -14.0133804     13.9606590     14.5503986     24.5558329
5.52000000    -19.5899804     12.9333278     16.8454960     28.8930621
5.52400000    -14.1766001     15.0975416     18.3429542     27.6654247
5.52800000    -18.1889357     11.4882540     18.4817751     28.3618295
5.53200000    -15.6117466     11.1370188     19.6737769     27.4739389
5.53600000    -17.9092187     9.91236833     18.3143409     27.4665295
5.54000000    -19.7807107     10.0458481     18.2654447     28.7371197
5.54400000    -18.5074818     8.13874695     16.3965206     26.0309810
5.54800000    -25.1551942     7.30434280     15.7107520     30.5444749
5.55200000    -22.6213020     7.21543152     13.7213001     27.4237093
5.55600000    -27.0394325     8.91887138     13.2820234     31.4179777
5.56000000    -23.6457857     10.2123522     9.83945526     27.5722723
5.56400000    -21.1568639     13.2270980     13.1766536     28.2168959
5.56800000    -18.5408457     14.3306806     12.3986414     26.5114631
5.57200000    -13.9752424     17.2113989     13.2618466     25.8344001
5.57600000    -14.2053068     19.8185062     11.2169375     26.8399630
5.58000000    -10.8523753     21.4578227     8.74747106     25.5877012
5.58400000    -9.88346969     25.9871994     11.3795582     30.0418350
5.58800000    -8.40525278     22.3616320     6.39866586     24.7312310
5.59200000    -10.5503107     26.2308240     6.37257500     28.9823203
5.59600000    -15.0957056     21.7372387     3.63781240     26.7136960
5.60000000    -15.2045657     22.4952766     4.52042661     27.5254527
5.60400000    -16.3437533     18.1036910     5.86097250     25.0841165
5.60800000    -11.9845085     14.1210168     5.91483087     19.4426537
5.61200000    -11.6133264     15.8893822     7.81621679     21.1762854
